1.000000000 0.000000000 0.000000000 0.000000000 0.000000000 1.000000000 0.000000000 0.000000000 0.000000000 0.000000000 1.000000000 0.000000000
0.999976397 0.000187150 -0.006864381 -0.017504452 -0.000183768 0.999999881 0.000493365 -0.038139839 0.006864472 -0.000492092 0.999976337 2.447608948
0.999916255 0.001526944 -0.012851787 -0.040304221 -0.001486209 0.999993861 0.003178589 -0.081281848 0.012856561 -0.003159223 0.999912381 4.848077774
0.999812543 0.002358812 -0.019217934 -0.076954082 -0.002262608 0.999984801 0.005026155 -0.107759722 0.019229500 -0.004981730 0.999802709 7.289319992
0.999692559 0.002263635 -0.024690561 -0.131376326 -0.002150303 0.999987006 0.004615678 -0.126666471 0.024700688 -0.004561167 0.999684513 9.660584450
0.999549806 0.001858753 -0.029945366 -0.204388171 -0.001758279 0.999992728 0.003381238 -0.152599514 0.029951433 -0.003327064 0.999545813 12.037330627
0.999385953 0.001225298 -0.035017993 -0.290013462 -0.001141199 0.999996424 0.002421489 -0.194176555 0.035020836 -0.002380040 0.999383748 14.451346397
0.999191999 0.001106143 -0.040175512 -0.389173627 -0.001026519 0.999997497 0.002002477 -0.230324760 0.040177628 -0.001959618 0.999190629 16.850299835
0.998960614 0.002158181 -0.045530945 -0.503982425 -0.002089385 0.999996603 0.001558510 -0.265130490 0.045534156 -0.001461758 0.998961687 19.267652512
0.998701572 0.004316235 -0.050759342 -0.624578476 -0.004279674 0.999990523 0.000828951 -0.312572569 0.050762437 -0.000610641 0.998710573 21.659776688
0.998418152 0.006191602 -0.055882726 -0.773296356 -0.006240108 0.999980271 -0.000693530 -0.352112025 0.055877328 0.001041147 0.998437107 24.079898834
0.998097897 0.007355195 -0.061208982 -0.910717368 -0.007427111 0.999971986 -0.000947507 -0.395612359 0.061200298 0.001400311 0.998124540 26.499603271
0.997748971 0.008876437 -0.066469878 -1.086586952 -0.008875105 0.999960542 0.000315351 -0.443837821 0.066470057 0.000275286 0.997788370 28.850194931
0.997376800 0.009234644 -0.071792804 -1.257484555 -0.009103305 0.999956250 0.002156406 -0.495370150 0.071809575 -0.001497197 0.997417212 31.246345520
0.996976197 0.008775510 -0.077210195 -1.441409826 -0.008539988 0.999957800 0.003380060 -0.529524386 0.077236600 -0.002710466 0.997009099 33.652198792
0.996556759 0.006658994 -0.082645811 -1.645229220 -0.006368213 0.999972582 0.003781501 -0.565237522 0.082668722 -0.003242175 0.996571779 36.086719513
0.996118605 0.005110556 -0.087872908 -1.851884007 -0.004727386 0.999978364 0.004568054 -0.602936327 0.087894350 -0.004134915 0.996121228 38.462955475
0.995622635 0.003370551 -0.093403220 -2.091275454 -0.002849520 0.999979615 0.005711099 -0.642890394 0.093420573 -0.005419945 0.995611966 40.822364807
0.995125234 0.002223959 -0.098594330 -2.338066339 -0.001714124 0.999984741 0.005255447 -0.664497495 0.098604508 -0.005060825 0.995113850 43.194240570
0.994548440 0.002507177 -0.104245685 -2.598385572 -0.002162738 0.999991834 0.003417005 -0.713622093 0.104253404 -0.003172921 0.994545698 45.504852295
0.994097054 0.002674430 -0.108461738 -2.879846334 -0.002475879 0.999994993 0.001965241 -0.759499609 0.108466454 -0.001685102 0.994098663 47.885589600
0.993529260 0.004172839 -0.113499701 -3.146446705 -0.004062302 0.999991000 0.001205161 -0.795603514 0.113503709 -0.000736293 0.993537307 50.229011536
0.993071556 0.005412195 -0.117386319 -3.451138020 -0.005234026 0.999984622 0.001826010 -0.828336060 0.117394403 -0.001198956 0.993084669 52.613174438
0.992604017 0.005804937 -0.121258453 -3.744108200 -0.005422033 0.999979198 0.003487468 -0.879564703 0.121276177 -0.002804207 0.992614865 54.928688049
0.992155373 0.006562007 -0.124838687 -4.030392170 -0.006026534 0.999970973 0.004666485 -0.915157080 0.124865681 -0.003877534 0.992166102 57.243198395
0.991767108 0.005449435 -0.127938479 -4.350509167 -0.004996605 0.999980092 0.003860114 -0.959070861 0.127956972 -0.003189076 0.991774619 59.616874695
0.991312444 0.005480712 -0.131413758 -4.702805996 -0.005101782 0.999981821 0.003219997 -0.994921386 0.131429017 -0.002521579 0.991322398 61.875373840
0.990782559 0.004163862 -0.135398045 -4.977691650 -0.003691745 0.999986172 0.003737786 -1.017520785 0.135411754 -0.003203478 0.990784228 64.235275269
0.990252554 0.001624072 -0.139273942 -5.309170246 -0.000973947 0.999988317 0.004735991 -1.053057790 0.139280006 -0.004554182 0.990242541 66.554687500
0.989687979 0.000133929 -0.143239886 -5.638724327 0.000524589 0.999989450 0.004559533 -1.085498691 0.143238991 -0.004587657 0.989677489 68.834915161
0.989125669 -0.000548457 -0.147071987 -5.999361515 0.000950820 0.999996006 0.002665531 -1.129343033 0.147069931 -0.002776384 0.989122212 71.194625854
0.988685548 -0.001135458 -0.149998784 -6.368442535 0.001482502 0.999996483 0.002201849 -1.191540718 0.149995759 -0.002399310 0.988683701 73.516609192
0.988103628 -0.001333111 -0.153783768 -6.729644299 0.001741240 0.999995291 0.002519262 -1.202849627 0.153779685 -0.002757066 0.988101304 75.770614624
0.987637460 -0.001061468 -0.156751961 -7.145164490 0.001736976 0.999989808 0.004172488 -1.257685065 0.156745940 -0.004393179 0.987629175 78.071243286
0.987073064 -0.002077189 -0.160257444 -7.501662731 0.002967911 0.999981463 0.005318904 -1.304467559 0.160243422 -0.005725777 0.987060905 80.319770813
0.986624956 -0.003262284 -0.162974164 -7.904039383 0.004076500 0.999980807 0.004661817 -1.333439112 0.162955835 -0.005263829 0.986619353 82.570655823
0.986113131 -0.003042010 -0.166047007 -8.264240265 0.003557685 0.999989748 0.002808248 -1.372524381 0.166036755 -0.003359993 0.986113846 84.758918762
0.985722423 -0.004111899 -0.168328196 -8.698380470 0.004133486 0.999991417 -0.000222144 -1.417292356 0.168327674 -0.000476810 0.985731006 87.023193359
0.985381186 -0.004370454 -0.170307919 -9.105090141 0.004385598 0.999990344 -0.000287275 -1.469612598 0.170307532 -0.000463826 0.985390842 89.286933899
0.984928131 -0.007024335 -0.172821417 -9.517218590 0.007492474 0.999969840 0.002056604 -1.508228183 0.172801763 -0.003320467 0.984951019 91.611381531
0.984387100 -0.010755392 -0.175688088 -9.941110611 0.011446727 0.999930203 0.002922051 -1.553569436 0.175644398 -0.004887484 0.984441519 93.856910706
0.983827829 -0.014819711 -0.178502753 -10.351086617 0.015182115 0.999884546 0.000664345 -1.596710205 0.178472295 -0.003363651 0.983939171 96.102905273
0.983351409 -0.016136190 -0.180996120 -10.769633293 0.015920278 0.999869764 -0.002645700 -1.627797961 0.181015238 -0.000279855 0.983480275 98.349746704
0.983022928 -0.014371021 -0.182919011 -11.174472809 0.013951921 0.999896288 -0.003577934 -1.689163923 0.182951450 0.000965120 0.983121455 100.543136597
0.982741594 -0.008779928 -0.184775144 -11.610060692 0.008431921 0.999960899 -0.002669108 -1.734094620 0.184791356 0.001065034 0.982777178 102.770431519
0.982524931 -0.003500769 -0.186098158 -12.067272186 0.003214991 0.999993145 -0.001837395 -1.799033761 0.186103314 0.001206982 0.982529461 104.981826782
0.982254922 0.000710592 -0.187549382 -12.507730484 -0.000873116 0.999999285 -0.000783958 -1.835825443 0.187548697 0.000933799 0.982254863 107.242080688
0.981972277 0.003361644 -0.188994959 -12.985541344 -0.003424189 0.999994159 -0.000004411 -1.865901947 0.188993841 0.000651485 0.981978059 109.532257080
0.981594086 0.003824168 -0.190940782 -13.418292999 -0.003850138 0.999992549 0.000234975 -1.926405072 0.190940261 0.000504498 0.981601536 111.715721130
0.981205702 0.002231938 -0.192951694 -13.855356216 -0.002039076 0.999997199 0.001198114 -1.972090483 0.192953825 -0.000782153 0.981207550 113.925964355
0.980901241 -0.000834964 -0.194504559 -14.304515839 0.001348416 0.999995947 0.002507408 -2.018625021 0.194501683 -0.002721793 0.980898380 116.132553101
0.980618536 -0.003894699 -0.195888102 -14.776310921 0.004600423 0.999984443 0.003147825 -2.048140287 0.195872799 -0.003987984 0.980621219 118.349418640
0.980396330 -0.006641886 -0.196923703 -15.229950905 0.007087785 0.999973655 0.001559626 -2.084133387 0.196908161 -0.002924804 0.980417550 120.532943726
0.980253339 -0.008796095 -0.197549909 -15.672757149 0.008969221 0.999959767 -0.000018382 -2.120511293 0.197542116 -0.001753850 0.980292857 122.695777893
0.980291665 -0.010430476 -0.197280183 -16.161338806 0.010394909 0.999945223 -0.001215842 -2.157112360 0.197282061 -0.000858830 0.980346382 124.965728760
0.980274856 -0.011918158 -0.197279409 -16.600692749 0.012047645 0.999927282 -0.000543840 -2.212538481 0.197271556 -0.001843639 0.980347157 127.163757324
0.980403185 -0.013590983 -0.196532026 -17.028903961 0.014088614 0.999900103 0.001134151 -2.257751942 0.196496978 -0.003880789 0.980496764 129.344268799
0.980587542 -0.016703540 -0.195369095 -17.487062454 0.017626710 0.999840200 0.002987483 -2.300032139 0.195287973 -0.006373203 0.980725229 131.563201904
0.980803788 -0.020775501 -0.193887427 -17.920772552 0.021882255 0.999754190 0.003568076 -2.322227240 0.193765640 -0.007742276 0.981017292 133.708724976
0.981126845 -0.024958972 -0.191747785 -18.371955872 0.026125297 0.999652326 0.003556417 -2.361727715 0.191592351 -0.008498764 0.981437802 135.908050537
0.981526792 -0.029035790 -0.189108789 -18.808563232 0.030114012 0.999542475 0.002830142 -2.411096096 0.188940078 -0.008472684 0.981952071 138.137268066
0.982017279 -0.032244761 -0.186016902 -19.217300415 0.033069391 0.999452174 0.001331153 -2.454439878 0.185872078 -0.007458681 0.982545614 140.305969238
0.982647181 -0.034443192 -0.182258680 -19.643743515 0.035067849 0.999384940 0.000204746 -2.493852854 0.182139516 -0.006592613 0.983250618 142.488143921
0.983242095 -0.036292881 -0.178655624 -20.055788040 0.036749456 0.999324203 -0.000754196 -2.528268099 0.178562269 -0.005823939 0.983911395 144.695266724
0.983861983 -0.036738083 -0.175116882 -20.491043091 0.037016958 0.999313235 -0.001674735 -2.575643539 0.175058156 -0.004834586 0.984546244 146.901657104
0.984148562 -0.039308488 -0.172934696 -20.876571655 0.039209612 0.999223053 -0.003989150 -2.626240730 0.172957137 -0.002854786 0.984925210 149.080810547
0.984293103 -0.040326472 -0.171874493 -21.242818832 0.040110741 0.999184072 -0.004729277 -2.693410397 0.171924964 -0.002239019 0.985107481 151.209793091
0.984615624 -0.041389715 -0.169761628 -21.635971069 0.041317753 0.999138236 -0.003958134 -2.741523027 0.169779152 -0.003116928 0.985477209 153.371917725
0.984844506 -0.042338755 -0.168192610 -22.022674561 0.042690087 0.999087214 -0.001528083 -2.794511318 0.168103784 -0.005675234 0.985752940 155.544433594
0.984947681 -0.044881951 -0.166924268 -22.403429031 0.045565255 0.998961329 0.000263937 -2.842471600 0.166739047 -0.007865910 0.985969663 157.767395020
0.984957993 -0.048298571 -0.165906712 -22.781343460 0.049099486 0.998793602 0.000727047 -2.859086275 0.165671453 -0.008862045 0.986141205 159.960296631
0.985023677 -0.051087312 -0.164676681 -23.168741226 0.051963266 0.998648465 0.001012767 -2.902746916 0.164402381 -0.009554737 0.986347079 162.119720459
0.985038102 -0.053089872 -0.163955674 -23.533323288 0.054081798 0.998535216 0.001588968 -2.939370871 0.163631156 -0.010432211 0.986466408 164.295333862
0.985172153 -0.054202940 -0.162781686 -23.879543304 0.055110592 0.998479664 0.001062080 -2.978500128 0.162476629 -0.010017326 0.986661553 166.407165527
0.985526979 -0.054120138 -0.160647377 -24.245901108 0.054765590 0.998499155 -0.000410506 -3.013491631 0.160428479 -0.008393384 0.987011790 168.567962646
0.985782385 -0.054120615 -0.159072280 -24.588479996 0.054412618 0.998515368 -0.002522506 -3.052321911 0.158972636 -0.006168898 0.987263739 170.740509033
0.986234248 -0.052924398 -0.156655565 -24.951107025 0.052859511 0.998591423 -0.004583255 -3.104899883 0.156677470 -0.003760573 0.987642646 172.873550415
0.986720860 -0.050999377 -0.154211000 -25.293540955 0.050757822 0.998695791 -0.005505840 -3.154440403 0.154290676 -0.002394688 0.988022625 175.023681641
0.987200618 -0.049694862 -0.151543394 -25.648300171 0.049450357 0.998762071 -0.005384088 -3.190649033 0.151623353 -0.002178699 0.988435924 177.146255493
0.987709224 -0.048238385 -0.148672521 -25.998800278 0.048101455 0.998832226 -0.004518688 -3.240315914 0.148716882 -0.002688214 0.988876164 179.284805298
0.988052547 -0.048014533 -0.146446958 -26.328432083 0.048088241 0.998838484 -0.003039000 -3.300922632 0.146422774 -0.004039686 0.989213884 181.403259277
0.988209307 -0.050402131 -0.144575223 -26.629175186 0.050563954 0.998717546 -0.002557310 -3.342669964 0.144518703 -0.004783137 0.989490509 183.578262329
0.988254428 -0.054983694 -0.142583236 -26.967851639 0.055143289 0.998474419 -0.002834917 -3.391743422 0.142521590 -0.005060889 0.989778757 185.749664307
0.988190949 -0.059375886 -0.141255796 -27.262498856 0.059621762 0.998217940 -0.002494699 -3.440500021 0.141152188 -0.005956680 0.989969969 187.895614624
0.988168895 -0.063743450 -0.139495730 -27.578557968 0.064026609 0.997945130 -0.002461466 -3.482130766 0.139366001 -0.006499094 0.990219593 190.070159912
0.988294065 -0.066843003 -0.137137890 -27.880792618 0.067196399 0.997737646 -0.002056170 -3.536374331 0.136965081 -0.007183072 0.990549803 192.203765869
0.988611102 -0.068301976 -0.134100661 -28.192556381 0.068675637 0.997637331 -0.001842689 -3.572999001 0.133909687 -0.007387746 0.990966022 194.308959961
0.988954246 -0.069387048 -0.130976737 -28.481798172 0.069625877 0.997569382 -0.002760694 -3.613987446 0.130849928 -0.006389169 0.991381586 196.503433228
0.989521801 -0.067987524 -0.127374694 -28.773181915 0.068107627 0.997672141 -0.003417308 -3.661568642 0.127310514 -0.005293687 0.991848767 198.677307129
0.990183830 -0.065498546 -0.123474546 -29.060323715 0.065536655 0.997843087 -0.003757357 -3.713537216 0.123454325 -0.004371634 0.992340624 200.844650269
0.990881741 -0.063223794 -0.118979521 -29.332860947 0.063217789 0.997992396 -0.003828548 -3.765943527 0.118982717 -0.003727983 0.992889345 203.003250122
0.991458118 -0.062532865 -0.114457138 -29.598503113 0.062541328 0.998036146 -0.003520587 -3.811820984 0.114452511 -0.003667787 0.993421972 205.140243530
0.991853774 -0.063702367 -0.110309191 -29.835699081 0.063714296 0.997962296 -0.003420379 -3.862659216 0.110302307 -0.003635756 0.993891418 207.303451538
0.992190897 -0.065896831 -0.105900370 -30.078426361 0.065862581 0.997821391 -0.003824483 -3.908120394 0.105921671 -0.003180254 0.994369388 209.455017090
0.992479086 -0.067843780 -0.101894349 -30.304912567 0.067814045 0.997690916 -0.003759741 -3.956203461 0.101914138 -0.003178403 0.994788110 211.574996948
0.992667615 -0.070325769 -0.098312348 -30.534297943 0.070213355 0.997521341 -0.004607070 -4.000795364 0.098392665 -0.002329551 0.995144963 213.708480835
0.992966592 -0.071289949 -0.094525628 -30.751041412 0.071064912 0.997455120 -0.005749144 -4.054246426 0.094694927 -0.001008747 0.995505810 215.862670898
0.993185043 -0.072725996 -0.091073357 -30.958385468 0.072468266 0.997351825 -0.006138012 -4.094847679 0.091278575 -0.000503746 0.995825291 217.994583130
0.993523300 -0.073128648 -0.086969435 -31.166450500 0.072926126 0.997322142 -0.005507903 -4.134127140 0.087139323 -0.000870114 0.996195734 220.152938843
0.993897438 -0.072968982 -0.082725145 -31.395009995 0.072911441 0.997331500 -0.003720352 -4.186419487 0.082775861 -0.002333961 0.996565461 222.280990601
0.994226575 -0.072282515 -0.079301901 -31.545627594 0.072387539 0.997375369 -0.001553397 -4.255162239 0.079206049 -0.004196042 0.996849418 224.417007446
0.994629145 -0.071289055 -0.075038284 -31.724225998 0.071414597 0.997446179 -0.001012332 -4.306967258 0.074918821 -0.004351933 0.997180164 226.585540771
0.994976342 -0.071253903 -0.070320621 -31.885581970 0.071291797 0.997453570 -0.001974002 -4.349146843 0.070282206 -0.003049198 0.997522473 228.666671753
0.995234728 -0.072115980 -0.065628216 -32.016082764 0.072036736 0.997395575 -0.003576077 -4.397035122 0.065715179 -0.001168606 0.997837722 230.768646240
0.995536447 -0.072455414 -0.060476772 -32.160366058 0.072365582 0.997371376 -0.003677267 -4.444613934 0.060584240 -0.000715584 0.998162806 232.911071777
0.995731890 -0.074026227 -0.055119120 -32.286834717 0.073905863 0.997256279 -0.004221622 -4.484388351 0.055280399 0.000129978 0.998470843 235.036499023
0.995985568 -0.074514352 -0.049602248 -32.410270691 0.074358620 0.997219145 -0.004980067 -4.539410591 0.049835399 0.001271720 0.998756647 237.144958496
0.996291399 -0.074040532 -0.043833897 -32.529804230 0.073836684 0.997250736 -0.006253625 -4.587140560 0.044176407 0.002993884 0.999019265 239.270660400
0.996590257 -0.073030978 -0.038396493 -32.625926971 0.072840355 0.997323453 -0.006342143 -4.642453194 0.038756896 0.003523705 0.999242485 241.382629395
0.996852577 -0.072094448 -0.032975294 -32.701908112 0.071932353 0.997390985 -0.006077437 -4.686766148 0.033327408 0.003686318 0.999437690 243.513549805
0.997067511 -0.071532279 -0.027193120 -32.779800415 0.071405403 0.997431576 -0.005609645 -4.739892483 0.027524548 0.003651459 0.999614477 245.635452271
0.997247398 -0.070927061 -0.021608526 -32.849308014 0.070811838 0.997471333 -0.006052475 -4.788910866 0.021983169 0.004505676 0.999748170 247.734161377
0.997376919 -0.070548981 -0.016191283 -32.900447845 0.070455477 0.997495174 -0.006275214 -4.834111214 0.016593438 0.005117989 0.999849200 249.846984863
0.997468770 -0.070258372 -0.010944299 -32.942081451 0.070205204 0.997519195 -0.005169343 -4.891503334 0.011280338 0.004387912 0.999926746 251.959167480
0.997451782 -0.071115077 -0.005705711 -32.960262299 0.071090564 0.997460186 -0.004390298 -4.940464020 0.006003436 0.003973489 0.999974072 254.066482544
0.997507095 -0.070564352 -0.000523337 -32.976413727 0.070561580 0.997498751 -0.004160663 -4.992833614 0.000815622 0.004113363 0.999991179 256.167327881
0.997490287 -0.070632048 0.004924627 -32.988101959 0.070655525 0.997489393 -0.004768515 -5.034564018 -0.004575453 0.005104499 0.999976516 258.283599854
0.997432828 -0.070856892 0.010344358 -32.982707977 0.070914134 0.997468472 -0.005275477 -5.084385872 -0.009944367 0.005995495 0.999932587 260.397979736
0.997343302 -0.071111672 0.015794959 -32.957706451 0.071213916 0.997442961 -0.006006828 -5.138611794 -0.015327415 0.007115691 0.999857187 262.504974365
0.997249782 -0.071110070 0.020885017 -32.922561646 0.071248934 0.997440636 -0.005980888 -5.186465740 -0.020406263 0.007452475 0.999763966 264.591430664
0.997060120 -0.072004691 0.026199995 -32.889858246 0.072193787 0.997370481 -0.006343285 -5.233493805 -0.025674354 0.008216113 0.999636590 266.678863525
0.996833026 -0.073142856 0.031208929 -32.828178406 0.073380247 0.997282684 -0.006528640 -5.283553600 -0.030646600 0.008798083 0.999491572 268.746185303
0.996583343 -0.074312493 0.036046449 -32.757392883 0.074590586 0.997193515 -0.006430554 -5.333492756 -0.035467416 0.009097308 0.999329448 270.837219238
0.996360600 -0.074578919 0.041274451 -32.695487976 0.074852325 0.997181475 -0.005116767 -5.383916378 -0.040776517 0.008187633 0.999134719 272.907592773
0.996155679 -0.074393086 0.046254959 -32.612464905 0.074665740 0.997199833 -0.004192603 -5.433152199 -0.045813534 0.007630146 0.998920858 274.990020752
0.995978653 -0.073473744 0.051264927 -32.523189545 0.073777728 0.997266471 -0.004060197 -5.477487087 -0.050826475 0.007826080 0.998676836 277.073699951
0.995795310 -0.072243862 0.056324676 -32.423500061 0.072597675 0.997352242 -0.004258302 -5.531650543 -0.055867907 0.008329438 0.998403430 279.149505615
0.995534003 -0.071794406 0.061299600 -32.305278778 0.072197855 0.997380674 -0.004389297 -5.581862926 -0.060823910 0.008795394 0.998109758 281.219268799
0.995258272 -0.071223475 0.066243559 -32.184326172 0.071663365 0.997419655 -0.004285017 -5.624511719 -0.065767437 0.009011935 0.997794271 283.288757324
0.994932413 -0.070887230 0.071305558 -32.051506042 0.071346849 0.997443855 -0.003916352 -5.675372601 -0.070845671 0.008983932 0.997446835 285.366943359
0.994541228 -0.071022473 0.076442778 -31.911766052 0.071495481 0.997434914 -0.003465422 -5.716402054 -0.076000571 0.008911818 0.997067928 287.445526123
0.994048595 -0.072622754 0.081199490 -31.745677948 0.073047809 0.997325838 -0.002272407 -5.760099888 -0.080817327 0.008190328 0.996695280 289.521301270
0.993343055 -0.075946152 0.086612813 -31.582403183 0.076427631 0.997072577 -0.002251756 -5.800362110 -0.086188249 0.008856378 0.996239483 291.584564209
0.992710054 -0.078453317 0.091497540 -31.388847351 0.079287738 0.996836543 -0.005515004 -5.842090607 -0.090775415 0.012729432 0.995790005 293.647003174
0.992237687 -0.077601455 0.097171716 -31.217388153 0.078802332 0.996853352 -0.008576289 -5.890587330 -0.096200421 0.016167074 0.995230675 295.694488525
0.991848528 -0.074865825 0.103109427 -31.029663086 0.076223545 0.997047544 -0.009285523 -5.945797920 -0.102109827 0.017069196 0.994626701 297.746948242
0.991358221 -0.073229566 0.108840972 -30.816701889 0.074866273 0.997132659 -0.011022521 -6.001989365 -0.107721716 0.019075783 0.993998051 299.792816162
0.990862131 -0.071362808 0.114453204 -30.590377808 0.073169440 0.997251391 -0.011656878 -6.066297531 -0.113306753 0.019924834 0.993360221 301.850830078
0.990292549 -0.069270775 0.120507970 -30.359598160 0.071310982 0.997373343 -0.012695589 -6.126222134 -0.119312003 0.021165889 0.992631197 303.920318604
0.989800692 -0.066800773 0.125826120 -30.133266449 0.068781361 0.997565985 -0.011457596 -6.181591988 -0.124754474 0.019995227 0.991986156 305.933868408
0.989071012 -0.066809766 0.131434470 -29.872785568 0.068846412 0.997566521 -0.011007806 -6.237316608 -0.130379200 0.019936293 0.991263747 307.988281250
0.988247395 -0.068558365 0.136626482 -29.606084824 0.070561528 0.997458637 -0.009867144 -6.292923450 -0.135602787 0.019391753 0.990573466 310.034698486
0.987440169 -0.069699310 0.141788185 -29.324584961 0.071573079 0.997402072 -0.008152326 -6.348592758 -0.140851617 0.018198151 0.989863455 312.073944092
0.986610711 -0.070608109 0.147016197 -29.030817032 0.072604790 0.997326672 -0.008252965 -6.398577690 -0.146040455 0.018816546 0.989099681 314.122344971
0.985829830 -0.070537068 0.152197614 -28.722534180 0.072775252 0.997306108 -0.009178594 -6.454051495 -0.151140183 0.020124750 0.988307476 316.163970947
0.984818161 -0.071712434 0.158083975 -28.416444778 0.074352659 0.997173071 -0.010843219 -6.500247478 -0.156859487 0.022432564 0.987366140 318.175598145
0.983858347 -0.073249780 0.163270533 -28.088495255 0.076009862 0.997049510 -0.010714006 -6.549325466 -0.162004009 0.022951234 0.986523151 320.214630127
0.983016372 -0.074073955 0.167904437 -27.749345779 0.076648511 0.997018516 -0.008895738 -6.609366894 -0.166744888 0.021614280 0.985763133 322.246124268
0.982162416 -0.073758475 0.172964528 -27.402357101 0.076324090 0.997049153 -0.008220314 -6.661935806 -0.171847820 0.021275043 0.984893739 324.280487061
0.981301188 -0.073524453 0.177882269 -27.037818909 0.076118581 0.997068286 -0.007793651 -6.704880714 -0.176787764 0.021188064 0.984020889 326.329437256
0.980360389 -0.072395638 0.183445707 -26.682889938 0.074874327 0.997171044 -0.006612241 -6.755897522 -0.182448044 0.020217752 0.983007610 328.336364746
0.979428232 -0.072078981 0.188480809 -26.298862457 0.074602492 0.997193336 -0.006319487 -6.801551819 -0.187496305 0.020250622 0.982056558 330.386993408
0.978502154 -0.072292149 0.193151101 -25.915088654 0.074944124 0.997166872 -0.006449101 -6.851716042 -0.192137659 0.020785997 0.981147826 332.409271240
0.977544725 -0.071740434 0.198140338 -25.520738602 0.074583583 0.997190773 -0.006913732 -6.897054195 -0.197087720 0.021536497 0.980149269 334.462097168
0.976605296 -0.071834870 0.202686608 -25.106899261 0.074993946 0.997152388 -0.007939203 -6.947436333 -0.201539129 0.022953734 0.979211450 336.476531982
0.975840747 -0.070606180 0.206759721 -24.668684006 0.073886096 0.997233152 -0.008174915 -6.999237061 -0.205610454 0.023254083 0.978357613 338.523651123
0.974642873 -0.070760012 0.212283432 -24.257829666 0.074061863 0.997224450 -0.007632521 -7.053425789 -0.211154148 0.023161087 0.977178335 340.545440674
0.973666072 -0.071387134 0.216513976 -23.814821243 0.074422620 0.997209430 -0.005888075 -7.102026939 -0.215489432 0.021846553 0.976261795 342.571899414
0.972389579 -0.072629802 0.221773311 -23.388189316 0.075552501 0.997130692 -0.004712271 -7.142138004 -0.220794722 0.021337690 0.975086868 344.565551758
0.971292019 -0.071838915 0.226783946 -22.930973053 0.074650437 0.997202396 -0.003833763 -7.187693119 -0.225874066 0.020653224 0.973937571 346.581970215
0.970025241 -0.070715256 0.232487470 -22.470310211 0.073462218 0.997292995 -0.003167366 -7.232808590 -0.231634125 0.020151468 0.972594261 348.592834473
0.968595803 -0.069977634 0.238590151 -21.994131088 0.073243283 0.997302353 -0.004837913 -7.276617527 -0.237607986 0.022161109 0.971108317 350.580688477
0.967142880 -0.068171032 0.244923204 -21.502283096 0.072257280 0.997356117 -0.007726187 -7.326672077 -0.243748963 0.025169812 0.969511688 352.579742432
0.965523899 -0.066701896 0.251623601 -21.007448196 0.071627140 0.997376680 -0.010455320 -7.379566669 -0.250266135 0.028117940 0.967768669 354.572998047
0.963866413 -0.066442221 0.257966936 -20.492427826 0.072030924 0.997327030 -0.012263444 -7.435149193 -0.256462574 0.030401919 0.966075897 356.568878174
0.962023020 -0.067680441 0.264444917 -19.961160660 0.073766083 0.997189045 -0.013138746 -7.496182919 -0.262812316 0.032146841 0.964311302 358.576324463
0.960382640 -0.067960948 0.270271242 -19.408185959 0.074459620 0.997127831 -0.013852662 -7.565231800 -0.268553525 0.033428151 0.962684572 360.574218750
0.958511174 -0.068717808 0.276648045 -18.850431442 0.075179145 0.997087836 -0.012804583 -7.629660606 -0.274962515 0.033071499 0.960886002 362.565246582
0.956661642 -0.069525234 0.282780319 -18.282836914 0.075247414 0.997120500 -0.009411137 -7.691127777 -0.281311750 0.030281762 0.959138513 364.549224854
0.954815805 -0.071028329 0.288585722 -17.701360703 0.075958274 0.997093499 -0.005905632 -7.741446495 -0.287327498 0.027559264 0.957435846 366.538421631
0.953046560 -0.071020097 0.294377953 -17.115341187 0.076024905 0.997090340 -0.005577279 -7.788352966 -0.293125302 0.027695464 0.955672801 368.488708496
0.951226056 -0.071067616 0.300197184 -16.516561508 0.076430589 0.997055948 -0.006143902 -7.834320545 -0.298876762 0.028788486 0.953857362 370.462066650
0.949807584 -0.070541911 0.304777592 -15.903993607 0.075782821 0.997109830 -0.005384472 -7.885345459 -0.303516895 0.028211117 0.952408314 372.408782959
0.948087513 -0.071896285 0.309775710 -15.276429176 0.077027164 0.997019529 -0.004346679 -7.936660767 -0.308539897 0.027982175 0.950799704 374.378570557
0.946781218 -0.073187910 0.313446701 -14.651424408 0.078416929 0.996912241 -0.004089221 -7.977395058 -0.312179595 0.028451128 0.949597001 376.327270508
0.945867538 -0.074912377 0.315789133 -14.003870010 0.080391936 0.996753871 -0.004341244 -8.022617340 -0.314438850 0.029493142 0.948819458 378.283813477
0.945046902 -0.076499224 0.317858785 -13.375848770 0.081973903 0.996626973 -0.003863344 -8.070573807 -0.316491097 0.029707165 0.948130190 380.196166992
0.943870842 -0.076322444 0.321376264 -12.738584518 0.082297526 0.996595144 -0.005027323 -8.113903046 -0.319898337 0.031193612 0.946938217 382.137756348
0.942710221 -0.074300356 0.325233608 -12.082843781 0.080467649 0.996741891 -0.005532640 -8.154222488 -0.323762864 0.031386457 0.945617497 384.072692871
0.940767288 -0.073508330 0.330988556 -11.418933868 0.079604290 0.996814609 -0.004879144 -8.205732346 -0.329575568 0.030938247 0.943622172 386.017944336
0.938944459 -0.071969904 0.336457491 -10.758850098 0.077952161 0.996947885 -0.004287358 -8.242044449 -0.335122019 0.030253178 0.941688895 387.922424316
0.937025368 -0.071085118 0.341950893 -10.067852974 0.076625392 0.997056305 -0.002702358 -8.284238815 -0.340752184 0.028734298 0.939713955 389.863769531
0.935254574 -0.070232473 0.346938431 -9.356045723 0.075737186 0.997125149 -0.002314491 -8.324602127 -0.345778465 0.028440779 0.937885046 391.800842285
0.933274150 -0.069167085 0.352441847 -8.641827583 0.074977569 0.997181177 -0.002844491 -8.365980148 -0.351251632 0.029079925 0.935829401 393.738830566
0.931256235 -0.068074927 0.357949167 -7.927065849 0.074565984 0.997206628 -0.004344955 -8.409997940 -0.356653512 0.030737098 0.933730960 395.666046143
0.929134667 -0.068357214 0.363367647 -7.184262276 0.075549833 0.997126281 -0.005600923 -8.459499359 -0.361940563 0.032656372 0.931629002 397.593505859
0.927162409 -0.068322368 0.368377388 -6.456052780 0.075756021 0.997109890 -0.005736582 -8.499931335 -0.366920799 0.033225551 0.929658651 399.464691162
0.925023675 -0.067846969 0.373802036 -5.700683594 0.075547762 0.997124314 -0.005970042 -8.542695999 -0.372322053 0.033762336 0.927489281 401.384216309
0.922840118 -0.068529136 0.379038125 -4.944316864 0.076281726 0.997071385 -0.005454320 -8.599132538 -0.377554297 0.033947147 0.925364971 403.259399414
0.920626581 -0.069022000 0.384295017 -4.157020569 0.076740295 0.997039735 -0.004765822 -8.645065308 -0.382828444 0.033878453 0.923198044 405.168975830
0.918466151 -0.069445752 0.389354944 -3.359959602 0.077695653 0.996962190 -0.005460418 -8.687692642 -0.387792945 0.035266392 0.921071649 407.070617676
0.916116774 -0.069531828 0.394835860 -2.575181007 0.078530610 0.996889472 -0.006655068 -8.737979889 -0.393144965 0.037103519 0.918727577 408.946655273
0.913772881 -0.069945991 0.400158286 -1.774182320 0.079418644 0.996815979 -0.007115504 -8.789980888 -0.398386478 0.038281985 0.916418433 410.809570312
0.911388874 -0.070325740 0.405493081 -0.960758209 0.080031075 0.996767759 -0.007006289 -8.838745117 -0.403689712 0.038837500 0.914071262 412.676177979
0.908916712 -0.071513459 0.410799563 -0.124706268 0.081046209 0.996693432 -0.005811254 -8.885165215 -0.409025639 0.038575694 0.911707163 414.546722412
0.906453967 -0.073033087 0.415941596 0.710244179 0.082001641 0.996625304 -0.003712275 -8.932503700 -0.414266795 0.037472896 0.909383774 416.402008057
0.903940499 -0.073081955 0.421367586 1.561655045 0.082205996 0.996609211 -0.003500930 -8.973123550 -0.419682950 0.037803572 0.906883180 418.264495850
0.901443124 -0.071811721 0.426899731 2.418980598 0.081163682 0.996693850 -0.003724876 -9.013989449 -0.425220847 0.038006514 0.904291272 420.112091064
0.899123192 -0.071630858 0.431794524 3.288866043 0.081076205 0.996701837 -0.003480565 -9.057483673 -0.430121064 0.038137719 0.901965261 421.983520508
0.896943569 -0.069869198 0.436589658 4.177572250 0.079482585 0.996829152 -0.003764964 -9.100223541 -0.434942245 0.038078234 0.899652898 423.833984375
0.895043910 -0.069497198 0.440529794 5.067977905 0.079414017 0.996833324 -0.004090323 -9.140553474 -0.438850522 0.038645260 0.897728682 425.679138184
0.893299818 -0.067622855 0.444345146 5.964698792 0.077317148 0.996999681 -0.003707553 -9.185861588 -0.442761242 0.037667453 0.895848036 427.513153076
0.891673863 -0.066888690 0.447709352 6.859138489 0.076711968 0.997045994 -0.003821589 -9.228396416 -0.446131170 0.037752278 0.894171000 429.327056885
0.889898002 -0.068168923 0.451037198 7.766868591 0.077310592 0.997005343 -0.001848546 -9.269279480 -0.449560493 0.036514968 0.892503262 431.145507812
0.888073206 -0.070363201 0.454285175 8.687141418 0.078910753 0.996881664 0.000143668 -9.303037643 -0.452878654 0.035720393 0.890856326 432.962707520
0.886236370 -0.070603110 0.457821220 9.603812218 0.079509147 0.996834099 -0.000184149 -9.338638306 -0.456358820 0.036564175 0.889044285 434.771484375
0.884800732 -0.069820113 0.460709035 10.544050217 0.079877406 0.996801972 -0.002341531 -9.371683121 -0.459072173 0.038872026 0.887548149 436.579589844
0.882449925 -0.069820479 0.465195894 11.454654694 0.079973638 0.996794760 -0.002098137 -9.427803040 -0.463558346 0.039054904 0.885205269 438.374877930
0.880444169 -0.068838716 0.469126046 12.388056755 0.079239182 0.996852636 -0.002437772 -9.464633942 -0.467481732 0.039319489 0.883127868 440.187866211
0.878790438 -0.068927929 0.472203642 13.355145454 0.079250790 0.996852756 -0.001977626 -9.508884430 -0.470581174 0.039160430 0.881487250 441.978088379
0.876692355 -0.068471320 0.476153553 14.311503410 0.079520732 0.996828496 -0.003068453 -9.548219681 -0.474433333 0.040554173 0.879356802 443.773162842
0.874647319 -0.068030737 0.479962409 15.277154922 0.080143414 0.996771991 -0.004763051 -9.595935822 -0.478089035 0.042631812 0.877276123 445.554931641
0.872399092 -0.067970388 0.484045327 16.243980408 0.080727309 0.996720850 -0.005534467 -9.640408516 -0.482081890 0.043903936 0.875025451 447.331512451
0.870087802 -0.068950072 0.488050252 17.229797363 0.081800796 0.996635973 -0.005031759 -9.684608459 -0.486061513 0.044300973 0.872801006 449.117370605
0.868028581 -0.069882780 0.491571754 18.226167679 0.082870074 0.996549428 -0.004662490 -9.728981018 -0.489549756 0.044783760 0.870824635 450.885711670
0.865731895 -0.069490485 0.495660514 19.215358734 0.081955440 0.996630132 -0.003419936 -9.768469810 -0.493752539 0.043582819 0.868509650 452.651214600
0.863388360 -0.068432026 0.499877602 20.210721970 0.080757402 0.996729195 -0.003034347 -9.819312096 -0.498034924 0.042988636 0.866090775 454.410491943
0.861405253 -0.066133954 0.503594339 21.226118088 0.079128072 0.996854603 -0.004438895 -9.861385345 -0.501716733 0.043672137 0.863928854 456.171905518
0.859135032 -0.063966915 0.507735491 22.253322601 0.077639423 0.996964812 -0.005770692 -9.910177231 -0.505825281 0.044378087 0.861493707 457.937805176
0.856856585 -0.061449625 0.511879623 23.283916473 0.075005993 0.997165918 -0.005848850 -9.958749771 -0.510069489 0.043405663 0.859037280 459.703186035
0.854450107 -0.060922652 0.515949130 24.310043335 0.074126139 0.997236311 -0.005005933 -10.003919601 -0.514218211 0.042522635 0.856604636 461.423645020
0.851948738 -0.062090438 0.519930959 25.367603302 0.074921072 0.997182667 -0.003680113 -10.046903610 -0.518237650 0.042089049 0.854200363 463.175292969
0.849080682 -0.064159445 0.524352551 26.425138474 0.075943328 0.997111678 -0.000968584 -10.088945389 -0.522775888 0.040643480 0.851500750 464.918334961
0.845901847 -0.068224199 0.528957009 27.492753983 0.079817727 0.996809065 0.000923574 -10.125230789 -0.527332127 0.041438892 0.848648131 466.640136719
0.842769384 -0.070320830 0.533661664 28.578468323 0.082171462 0.996617019 0.001557807 -10.163133621 -0.531965792 0.042538881 0.845696688 468.377197266
0.839545310 -0.071365446 0.538582087 29.657028198 0.084664464 0.996409535 0.000054876 -10.198478699 -0.536652207 0.045552693 0.842573047 470.067504883
0.836410224 -0.070408896 0.543562829 30.756464005 0.085111059 0.996369660 -0.001903125 -10.229665756 -0.541455507 0.047855001 0.839366317 471.774749756
0.832954824 -0.068457134 0.549090028 31.853919983 0.084599510 0.996406555 -0.004109404 -10.271073341 -0.546835601 0.049875699 0.835753083 473.479492188
0.829558671 -0.065841407 0.554524422 32.973400116 0.082944401 0.996537507 -0.005759557 -10.310594559 -0.552225173 0.050772585 0.832147539 475.194396973
0.826305866 -0.064848289 0.559475958 34.102397919 0.081734434 0.996640623 -0.005196289 -10.350378036 -0.557259500 0.050022174 0.828830242 476.879333496
0.822687507 -0.064602658 0.564811289 35.233478546 0.080188639 0.996775806 -0.002789999 -10.394636154 -0.562810004 0.047586750 0.825215399 478.570068359
0.819310069 -0.064976327 0.569656968 36.396820068 0.078733243 0.996895611 0.000469889 -10.431405067 -0.567919016 0.044465955 0.821882427 480.268981934
0.815488756 -0.065052502 0.575105429 37.554885864 0.076957293 0.997027695 0.003653830 -10.466619492 -0.573633730 0.041278906 0.818071127 481.957427979
0.811953247 -0.065320253 0.580056190 38.736499786 0.076241568 0.997073889 0.005558997 -10.490098953 -0.578722000 0.039710753 0.814557493 483.640258789
0.808250427 -0.065108635 0.585228264 39.922229767 0.076693065 0.997042179 0.005004634 -10.516367912 -0.583823085 0.040837947 0.810853183 485.310974121
0.804840565 -0.063874058 0.590043843 41.121597290 0.077147491 0.997016013 0.002698152 -10.537476540 -0.588455558 0.043348819 0.807366729 486.981628418
0.801682711 -0.062216833 0.594503105 42.331878662 0.077430569 0.996997774 -0.000075197 -10.569997787 -0.592713594 0.046092991 0.804093301 488.652557373
0.798756480 -0.061610233 0.598491728 43.559036255 0.078842543 0.996883690 -0.002602807 -10.598287582 -0.596466303 0.049265616 0.801124811 490.325500488
0.796759605 -0.061641116 0.601144373 44.771530151 0.079238728 0.996851742 -0.002806587 -10.644483566 -0.599078834 0.049870092 0.799135506 491.947143555
0.794773519 -0.061776757 0.603753865 46.012214661 0.079264626 0.996850848 -0.002344029 -10.680831909 -0.601707757 0.049719289 0.797167361 493.601867676
0.792659760 -0.061661284 0.606538057 47.249290466 0.078291848 0.996930003 -0.000967476 -10.727947235 -0.604616344 0.048253864 0.795053840 495.251525879
0.790261209 -0.062040575 0.609621406 48.507675171 0.077583767 0.996985435 0.000889250 -10.763157845 -0.607838869 0.046593979 0.792692244 496.897338867
0.786834478 -0.062029254 0.614039004 49.732788086 0.077324361 0.997004628 0.001631796 -10.796681404 -0.612300992 0.046196219 0.789273977 498.527862549
0.783779085 -0.061100420 0.618026733 51.001411438 0.077000365 0.997030616 0.000918592 -10.824349403 -0.616247714 0.046868313 0.786156535 500.155303955
0.780082703 -0.061260697 0.622670114 52.258827209 0.078776494 0.996892095 -0.000613285 -10.859706879 -0.620697379 0.049530182 0.782484174 501.770935059
0.776621163 -0.061104625 0.626997471 53.549697876 0.080154106 0.996780217 -0.002139550 -10.894123077 -0.624847889 0.051918041 0.779018342 503.400207520
0.773167968 -0.060388371 0.631319702 54.849128723 0.081427746 0.996669590 -0.004387754 -10.934860229 -0.628952146 0.054799411 0.775510311 505.020355225
0.769726634 -0.059494562 0.635595262 56.160545349 0.081655234 0.996644914 -0.005596729 -10.975406647 -0.633129835 0.056207635 0.772002161 506.620727539
0.766440928 -0.058324371 0.639661312 57.487289429 0.080007479 0.996781826 -0.004978155 -11.025379181 -0.637312472 0.054993145 0.768640757 508.235137939
0.762963533 -0.057445109 0.643884122 58.817157745 0.077257983 0.997007728 -0.002596438 -11.067234039 -0.641808331 0.051726174 0.765118659 509.835815430
0.759254038 -0.058277037 0.648179829 60.148094177 0.076319031 0.997083426 0.000249210 -11.100810051 -0.646303892 0.049279243 0.761487246 511.434661865
0.755664766 -0.059133444 0.652283669 61.494583130 0.075447664 0.997145295 0.002991779 -11.131324768 -0.650598526 0.046952493 0.757969022 513.024963379
0.752314746 -0.061012942 0.655972540 62.840652466 0.076636806 0.997047305 0.004844400 -11.151465416 -0.654331207 0.046627123 0.754769206 514.573913574
0.748728514 -0.061851811 0.659984827 64.206512451 0.078690521 0.996890426 0.004154093 -11.183475494 -0.658189535 0.048824262 0.751267433 516.139709473
0.745379865 -0.060699329 0.663870811 65.577964783 0.080294043 0.996770740 0.000984754 -11.213437080 -0.661786735 0.052570853 0.747846603 517.702453613
0.742236912 -0.059889063 0.667456150 66.965217590 0.081833854 0.996644735 -0.001576114 -11.244180679 -0.665122271 0.055790357 0.744647443 519.259338379
0.738618016 -0.059101347 0.671528518 68.357383728 0.082155354 0.996616006 -0.002650779 -11.280659676 -0.669099391 0.057127576 0.740973949 520.805908203
0.735310674 -0.058375683 0.675211430 69.764945984 0.080664352 0.996739924 -0.001670569 -11.319945335 -0.672912657 0.055693880 0.737622380 522.360839844
0.731815457 -0.058268014 0.679007351 71.177246094 0.079578690 0.996828556 -0.000226359 -11.354225159 -0.676840723 0.054200169 0.734131455 523.908203125
0.727860212 -0.057414781 0.683317721 72.584739685 0.077137560 0.997019172 0.001607271 -11.386569977 -0.681373119 0.051539592 0.730119407 525.452758789
0.724823475 -0.058892567 0.686412930 74.032928467 0.076349251 0.997069001 0.004924466 -11.413903236 -0.684691012 0.048837740 0.727195382 526.989562988
0.721189737 -0.061158150 0.690032721 75.472885132 0.076332100 0.997045457 0.008590208 -11.436973572 -0.688519299 0.046476461 0.723727286 528.523559570
0.717817426 -0.061980560 0.693467021 76.916313171 0.076853089 0.996996641 0.009557655 -11.448374748 -0.691976666 0.046434429 0.720424950 530.033447266
