1.000000000 0.000000000 0.000000000 0.000000000 0.000000000 1.000000000 0.000000000 0.000000000 0.000000000 0.000000000 1.000000000 0.000000000
0.999997616 -0.001670659 -0.001412643 -0.006233005 0.001669368 0.999998212 -0.000914579 -0.009765197 0.001414168 0.000912219 0.999998569 0.572329581
0.999995112 -0.001959819 -0.002431940 -0.016259607 0.001954009 0.999995232 -0.002388955 -0.022613909 0.002436611 0.002384192 0.999994218 1.138809085
0.999987721 -0.002307794 -0.004388514 -0.023527801 0.002293243 0.999991894 -0.003317751 -0.042934895 0.004396135 0.003307646 0.999984860 1.706208825
0.999957204 -0.004971639 -0.007799039 -0.005155957 0.004932889 0.999975443 -0.004979973 -0.055442266 0.007823606 0.004941288 0.999957204 2.273245096
0.999927044 -0.007626982 -0.009365357 -0.013609318 0.007561949 0.999947190 -0.006959861 -0.067358114 0.009417945 0.006888533 0.999931931 2.836684704
0.999905348 -0.008526626 -0.010798520 -0.024126463 0.008443818 0.999934793 -0.007690944 -0.080001682 0.010863394 0.007599036 0.999912143 3.417632818
0.999891579 -0.008534435 -0.011997315 -0.045415644 0.008450325 0.999939501 -0.007044099 -0.095768429 0.012056706 0.006941954 0.999903202 3.996552467
0.999873996 -0.009080319 -0.013022119 -0.061600491 0.008984946 0.999932528 -0.007363806 -0.111017898 0.013088106 0.007245875 0.999888122 4.593743801
0.999866903 -0.008364800 -0.014005770 -0.082887717 0.008225325 0.999916315 -0.009986523 -0.129159659 0.014088133 0.009869992 0.999852061 5.199910641
0.999851704 -0.007139136 -0.015671674 -0.092494853 0.006925904 0.999883294 -0.013618540 -0.149741665 0.015767070 0.013507980 0.999784470 5.795971394
0.999840677 -0.005689163 -0.016919995 -0.112627342 0.005394702 0.999834061 -0.017398136 -0.162993997 0.017016169 0.017304085 0.999705493 6.416821480
0.999826908 -0.003941398 -0.018183595 -0.132631004 0.003626665 0.999843597 -0.017309245 -0.177235305 0.018248973 0.017240303 0.999684811 7.056992054
0.999813199 -0.001366769 -0.019278279 -0.155764118 0.001165426 0.999944687 -0.010451411 -0.195687830 0.019291498 0.010426992 0.999759555 7.714321613
0.999797761 -0.000480936 -0.020103725 -0.172201380 0.000475820 0.999999881 -0.000259277 -0.207361564 0.020103846 0.000249659 0.999797881 8.350066185
0.999785423 0.000401991 -0.020711305 -0.197548002 -0.000271306 0.999980032 0.006312280 -0.221314982 0.020713430 -0.006305306 0.999765575 9.035497665
0.999755025 0.002900493 -0.021942306 -0.228021160 -0.002783646 0.999981821 0.005353851 -0.236921832 0.021957437 -0.005291460 0.999744892 9.736786842
0.999732435 0.004653733 -0.022658410 -0.252539635 -0.004689753 0.999987841 -0.001536799 -0.248762980 0.022650981 0.001642650 0.999742091 10.432835579
0.999708295 0.004315692 -0.023764113 -0.282515854 -0.004494027 0.999962091 -0.007456070 -0.252055228 0.023731034 0.007560692 0.999689817 11.130342484
0.999689698 0.001987864 -0.024829937 -0.309873879 -0.002131629 0.999981105 -0.005764856 -0.258228719 0.024818009 0.005815995 0.999675095 11.879066467
0.999678373 0.001137190 -0.025333915 -0.332976580 -0.001052936 0.999993861 0.003338818 -0.266367882 0.025337556 -0.003311069 0.999673486 12.651405334
0.999669492 0.001020873 -0.025687013 -0.362717092 -0.000754655 0.999945939 0.010371475 -0.271653175 0.025696212 -0.010348663 0.999616206 13.441564560
0.999658465 -0.000150061 -0.026132524 -0.392460138 0.000486291 0.999917209 0.012860471 -0.276104361 0.026128430 -0.012868787 0.999575734 14.217560768
0.999657512 -0.002111179 -0.026085589 -0.423954904 0.002424027 0.999925435 0.011967360 -0.278434128 0.026058380 -0.012026493 0.999588072 15.033072472
0.999674201 -0.002266258 -0.025423476 -0.457600266 0.002505237 0.999952972 0.009372024 -0.277746677 0.025401041 -0.009432662 0.999632835 15.871230125
0.999686837 0.000220031 -0.025024619 -0.494265556 -0.000073350 0.999982834 0.005862242 -0.279794276 0.025025479 -0.005858570 0.999669671 16.738763809
0.999696672 -0.002946698 -0.024452100 -0.508532584 0.002961468 0.999995470 0.000567852 -0.289230794 0.024450315 -0.000640094 0.999700844 17.574565887
0.999704480 -0.005748728 -0.023620566 -0.533828437 0.005622991 0.999969661 -0.005386153 -0.304039985 0.023650814 0.005251743 0.999706507 18.456769943
0.999741793 -0.004356341 -0.022303032 -0.571569204 0.004119792 0.999934912 -0.010641105 -0.319409311 0.022347936 0.010546473 0.999694645 19.359844208
0.999740422 -0.003405296 -0.022528291 -0.602611899 0.003151339 0.999931216 -0.011298709 -0.338216454 0.022565216 0.011224782 0.999682367 20.293655396
0.999730527 -0.002759493 -0.023048209 -0.620044470 0.002503228 0.999934793 -0.011140101 -0.360192984 0.023077447 0.011079404 0.999672294 21.221904755
0.999745011 -0.001204813 -0.022549858 -0.659550250 0.000919691 0.999919534 -0.012650143 -0.381536454 0.022563286 0.012626179 0.999665678 22.170082092
0.999744773 0.001956074 -0.022507757 -0.696680486 -0.002281973 0.999892831 -0.014462856 -0.409748644 0.022477053 0.014510526 0.999642074 23.139671326
0.999719381 0.005208476 -0.023109548 -0.719483614 -0.005563153 0.999867320 -0.015309988 -0.435293883 0.023026740 0.015434253 0.999615729 24.129831314
0.999710202 0.006693802 -0.023124000 -0.754639268 -0.007050548 0.999856830 -0.015380592 -0.462311953 0.023017736 0.015539172 0.999614298 25.122575760
0.999693155 0.007980786 -0.023449278 -0.789579272 -0.008344385 0.999845862 -0.015449028 -0.491934836 0.023322368 0.015639957 0.999605656 26.126998901
0.999689817 0.008264683 -0.023494715 -0.827578485 -0.008628152 0.999844015 -0.015411230 -0.519421995 0.023363680 0.015609166 0.999605179 27.130054474
0.999668598 0.009284253 -0.024011068 -0.868441701 -0.009626591 0.999853075 -0.014181427 -0.553515613 0.023875877 0.014407871 0.999611080 28.148979187
0.999664009 0.009453190 -0.024135454 -0.901323974 -0.009753537 0.999876082 -0.012357035 -0.581458926 0.024015650 0.012588290 0.999632299 29.169368744
0.999653101 0.010215490 -0.024275752 -0.945072830 -0.010490515 0.999881923 -0.011228970 -0.610279202 0.024158176 0.011479740 0.999642253 30.203630447
0.999643862 0.010331979 -0.024603894 -0.979012787 -0.010632037 0.999870300 -0.012096151 -0.642526209 0.024475725 0.012353432 0.999624074 31.243753433
0.999624491 0.011703600 -0.024777234 -1.017038822 -0.012034507 0.999839783 -0.013248550 -0.672301471 0.024618208 0.013541756 0.999605179 32.293750763
0.999621212 0.011096086 -0.025186157 -1.054597497 -0.011406198 0.999860466 -0.012202716 -0.703185678 0.025047241 0.012485371 0.999608278 33.352741241
0.999601841 0.010723310 -0.026099455 -1.093305111 -0.010977227 0.999893606 -0.009605076 -0.734340489 0.025993679 0.009887751 0.999613225 34.418964386
0.999597847 0.010572489 -0.026313383 -1.135044932 -0.010732468 0.999924719 -0.005945977 -0.760743320 0.026248539 0.006225993 0.999636054 35.485240936
0.999576151 0.010706912 -0.027071988 -1.175832629 -0.010807130 0.999935269 -0.003558325 -0.784750938 0.027032137 0.003849387 0.999627173 36.561725616
0.999569297 0.010243671 -0.027501676 -1.219275713 -0.010335426 0.999941468 -0.003196247 -0.807656169 0.027467325 0.003479112 0.999616623 37.649166107
0.999562740 0.010380205 -0.027687158 -1.260943890 -0.010516317 0.999933302 -0.004774990 -0.831476271 0.027635746 0.005064069 0.999605238 38.744194031
0.999535680 0.011153926 -0.028354181 -1.304660559 -0.011311550 0.999921441 -0.005404760 -0.850597858 0.028291669 0.005722980 0.999583304 39.846202850
0.999522626 0.010604481 -0.029018609 -1.357786894 -0.010726818 0.999934196 -0.004063360 -0.876680851 0.028973611 0.004372698 0.999570608 40.950641632
0.999502361 0.010900129 -0.029601309 -1.415839195 -0.010976534 0.999936819 -0.002419902 -0.896615267 0.029573062 0.002743618 0.999558866 42.020736694
0.999477029 0.010816636 -0.030473528 -1.442995667 -0.010807444 0.999941468 0.000466294 -0.928894639 0.030476788 -0.000136709 0.999535441 43.146514893
0.999450147 0.012116761 -0.030864634 -1.493412375 -0.012108245 0.999926567 0.000462789 -0.954262197 0.030867975 -0.000088818 0.999523461 44.238506317
0.999412775 0.013572017 -0.031461906 -1.542243719 -0.013683643 0.999900818 -0.003335404 -0.979251564 0.031413518 0.003763959 0.999499381 45.339599609
0.999412715 0.014376165 -0.031105775 -1.607680202 -0.014596743 0.999869823 -0.006875775 -1.004496813 0.031002879 0.007325780 0.999492466 46.420787811
0.999410450 0.014503228 -0.031118928 -1.644460797 -0.014745858 0.999862552 -0.007581564 -1.032912850 0.031004693 0.008035970 0.999486923 47.534221649
0.999403000 0.015192116 -0.031028958 -1.694716692 -0.015356097 0.999869347 -0.005053322 -1.058092713 0.030948134 0.005526789 0.999505699 48.631454468
0.999404490 0.015727703 -0.030713014 -1.748675466 -0.015826941 0.999870300 -0.002990716 -1.085374355 0.030661993 0.003475028 0.999523759 49.737171173
0.999415457 0.014131495 -0.031129524 -1.780853868 -0.014188217 0.999898076 -0.001601988 -1.112384439 0.031103712 0.002042724 0.999514103 50.850971222
0.999436975 0.013974478 -0.030503171 -1.833319068 -0.014048205 0.999898911 -0.002204053 -1.140026212 0.030469285 0.002631327 0.999532223 51.947036743
0.999454141 0.013154996 -0.030304948 -1.875712991 -0.013293245 0.999902129 -0.004364991 -1.159601450 0.030244559 0.004765459 0.999531150 53.055492401
0.999456704 0.013204136 -0.030198343 -1.918092251 -0.013400989 0.999890208 -0.006325576 -1.191126227 0.030111503 0.006726827 0.999523938 54.156177521
0.999475002 0.012181155 -0.030021781 -1.962753415 -0.012446109 0.999885082 -0.008654352 -1.223155141 0.029912911 0.009023463 0.999511778 55.259342194
0.999497294 0.011162730 -0.029674063 -2.014103651 -0.011518857 0.999863327 -0.011857565 -1.258711815 0.029537644 0.012193415 0.999489307 56.358638763
0.999516606 0.008910068 -0.029784592 -2.045547724 -0.009317127 0.999864697 -0.013556027 -1.293686390 0.029659776 0.013826981 0.999464393 57.462730408
0.999536574 0.007233887 -0.029567741 -2.090738058 -0.007567637 0.999908745 -0.011191374 -1.326514840 0.029484086 0.011409945 0.999500155 58.569995880
0.999554992 0.005887848 -0.029242795 -2.137426853 -0.006053685 0.999966085 -0.005585725 -1.354666829 0.029208913 0.005760266 0.999556720 59.684928894
0.999556124 0.004730843 -0.029412933 -2.173631430 -0.004731738 0.999988794 0.000039146 -1.376222730 0.029412789 0.000100045 0.999567330 60.795787811
0.999577463 0.002865408 -0.028925223 -2.220985174 -0.002841291 0.999995589 0.000874843 -1.403781295 0.028927602 -0.000792289 0.999581218 61.895870209
0.999590814 0.000054045 -0.028604895 -2.261429787 -0.000112638 0.999997914 -0.002046742 -1.423475266 0.028604724 0.002049126 0.999588728 62.997817993
0.999584973 -0.001762984 -0.028753275 -2.303830862 0.001616119 0.999985516 -0.005130219 -1.448821902 0.028761903 0.005081621 0.999573350 64.119491577
0.999588609 0.000583149 -0.028676156 -2.355087042 -0.000836751 0.999960661 -0.008832482 -1.481621146 0.028669877 0.008852842 0.999549747 65.222160339
0.999587536 0.000391507 -0.028715964 -2.398095131 -0.000772826 0.999911666 -0.013269078 -1.510328889 0.028708233 0.013285797 0.999499559 66.328018188
0.999604583 0.003575933 -0.027890420 -2.445163012 -0.003967465 0.999894202 -0.013995539 -1.539212465 0.027837422 0.014100660 0.999513030 67.431312561
0.999602079 0.007211220 -0.027270786 -2.497183084 -0.007501649 0.999916077 -0.010562567 -1.573443413 0.027192328 0.010762940 0.999572277 68.558647156
0.999595642 0.008671713 -0.027079800 -2.546725512 -0.008901554 0.999925256 -0.008378568 -1.605943441 0.027005121 0.008616232 0.999598145 69.668060303
0.999597847 0.008033038 -0.027195891 -2.582773447 -0.008251332 0.999934554 -0.007924043 -1.630387187 0.027130457 0.008145258 0.999598742 70.784278870
0.999608696 0.006517561 -0.027201507 -2.625018358 -0.006710614 0.999952912 -0.007011904 -1.661858916 0.027154526 0.007191699 0.999605358 71.893234253
0.999604762 0.005446977 -0.027579332 -2.663768768 -0.005601885 0.999968946 -0.005542682 -1.692511797 0.027548285 0.005694987 0.999604225 73.002899170
0.999609590 0.004107045 -0.027637724 -2.714438677 -0.004209744 0.999984443 -0.003658752 -1.717406750 0.027622268 0.003773672 0.999611318 74.100624084
0.999589801 0.003266022 -0.028452184 -2.751156330 -0.003315548 0.999993086 -0.001693692 -1.751492977 0.028446456 0.001787332 0.999593735 75.222427368
0.999576867 0.002602309 -0.028971879 -2.800115108 -0.002678634 0.999993026 -0.002595965 -1.781382084 0.028964922 0.002672471 0.999576867 76.329078674
0.999558866 0.002603186 -0.029584521 -2.840530634 -0.002798214 0.999974608 -0.006552732 -1.809960961 0.029566713 0.006632626 0.999540806 77.430038452
0.999530971 0.003358263 -0.030438963 -2.881425142 -0.003627401 0.999954760 -0.008790986 -1.834649205 0.030408066 0.008897277 0.999497950 78.532508850
0.999510646 0.005489855 -0.030794850 -2.937578917 -0.005708771 0.999959052 -0.007025446 -1.866541862 0.030755021 0.007197809 0.999501050 79.624893188
0.999495268 0.006780410 -0.031036312 -2.993757248 -0.006872936 0.999972224 -0.002875488 -1.890718579 0.031015953 0.003087347 0.999514103 80.710700989
0.999466419 0.007603416 -0.031765282 -3.040056944 -0.007567103 0.999970555 0.001263230 -1.923924446 0.031773951 -0.001022185 0.999494553 81.813934326
0.999435127 0.008682391 -0.032465536 -3.092495203 -0.008626221 0.999961019 0.001869801 -1.944849610 0.032480504 -0.001588690 0.999471128 82.895362854
0.999423563 0.008398814 -0.032894578 -3.149063349 -0.008412229 0.999964595 -0.000269413 -1.967104912 0.032891151 0.000545974 0.999458790 83.974792480
0.999408484 0.007988798 -0.033449121 -3.193581820 -0.008026559 0.999967277 -0.000994785 -1.991843224 0.033440080 0.001262678 0.999439955 85.061256409
0.999400675 0.007408903 -0.033814404 -3.246688366 -0.007450134 0.999971628 -0.001093498 -2.015391588 0.033805344 0.001344764 0.999427557 86.132186890
0.999382079 0.006138989 -0.034608260 -3.296675205 -0.006167606 0.999980748 -0.000720201 -2.039839745 0.034603171 0.000933206 0.999400675 87.176643372
0.999360323 0.005455470 -0.035343003 -3.332454920 -0.005442904 0.999985099 0.000451755 -2.066641808 0.035344943 -0.000259098 0.999375165 88.217872620
0.999352396 0.005504142 -0.035559945 -3.387152672 -0.005396289 0.999980569 0.003128263 -2.089684010 0.035576470 -0.002934346 0.999362648 89.237113953
0.999307513 0.004099520 -0.036982983 -3.434617996 -0.003948032 0.999983490 0.004168279 -2.114279509 0.036999460 -0.004019383 0.999307215 90.228492737
0.999230027 0.003422355 -0.039085414 -3.481086969 -0.003258673 0.999985635 0.004250752 -2.133596659 0.039099403 -0.004120113 0.999226809 91.212516785
0.999101698 0.002686776 -0.042292211 -3.536291122 -0.002553354 0.999991596 0.003208454 -2.153400421 0.042300478 -0.003097585 0.999100149 92.157203674
0.998965919 0.002355629 -0.045403846 -3.597949743 -0.002255703 0.999994934 0.002251949 -2.173123837 0.045408919 -0.002147203 0.998966157 93.089912415
0.998813093 0.002289371 -0.048652980 -3.645680428 -0.002150120 0.999993443 0.002914253 -2.200883150 0.048659332 -0.002806184 0.998811483 93.994300842
0.998656631 0.003388078 -0.051705156 -3.704336405 -0.003187819 0.999987125 0.003955062 -2.219586134 0.051717889 -0.003784923 0.998654544 94.874412537
0.998498976 0.003948690 -0.054627668 -3.768787146 -0.003674254 0.999980152 0.005123273 -2.240045071 0.054646812 -0.004914866 0.998493671 95.728515625
0.998318315 0.005121247 -0.057743941 -3.827028275 -0.004737285 0.999965787 0.006784330 -2.257527828 0.057776708 -0.006499371 0.998308361 96.557380676
0.998167098 0.006825216 -0.060132388 -3.892349243 -0.006391006 0.999952137 0.007410278 -2.272962093 0.060180087 -0.007012389 0.998162925 97.365913391
0.998001218 0.009157765 -0.062527239 -3.953711987 -0.008671131 0.999930024 0.008049686 -2.295473576 0.062596582 -0.007491414 0.998010814 98.132812500
0.997801960 0.010769961 -0.065385148 -4.012148380 -0.010345918 0.999923229 0.006820458 -2.309444666 0.065453582 -0.006128998 0.997836769 98.878372192
0.997619212 0.012068112 -0.067899317 -4.076639652 -0.011874056 0.999924183 0.003260872 -2.329326630 0.067933522 -0.002446868 0.997686863 99.584671021
0.997437656 0.014517837 -0.070052534 -4.142901421 -0.014572605 0.999893785 -0.000270791 -2.345489502 0.070041165 0.001290945 0.997543275 100.259948730
0.997261763 0.016123105 -0.072173968 -4.203513145 -0.016393358 0.999860644 -0.003153637 -2.360388041 0.072113067 0.004328175 0.997387052 100.915153503
0.997157931 0.018176680 -0.073113762 -4.259707928 -0.018525224 0.999819994 -0.004091768 -2.375214577 0.073026225 0.005434587 0.997315228 101.539268494
0.997175097 0.020762283 -0.072185606 -4.317238808 -0.021079063 0.999771237 -0.003629322 -2.394219875 0.072093740 0.005140675 0.997384608 102.136848450
0.997317493 0.024509592 -0.068972133 -4.375938892 -0.024723958 0.999691784 -0.002255964 -2.410139799 0.068895586 0.003955176 0.997616053 102.712966919
0.997581244 0.027035354 -0.064036988 -4.404971600 -0.027137194 0.999631464 -0.000720938 -2.429154873 0.063993894 0.002456979 0.997947276 103.252029419
0.998013854 0.028167639 -0.056346402 -4.443894863 -0.028145172 0.999603152 0.001192435 -2.441492796 0.056357630 0.000395812 0.998410583 103.781410217
0.998499453 0.027936017 -0.047099750 -4.458980083 -0.027792705 0.999606907 0.003695002 -2.456628084 0.047184460 -0.002380428 0.998883367 104.286209106
0.998998880 0.027603015 -0.035204407 -4.477582932 -0.027447436 0.999611259 0.004895048 -2.468518257 0.035325840 -0.003923877 0.999368131 104.771881104
0.999393642 0.026710028 -0.022337390 -4.475552559 -0.026598480 0.999632299 0.005276140 -2.484413385 0.022470102 -0.004678801 0.999736547 105.229194641
0.999620914 0.026487334 -0.007514587 -4.474230289 -0.026456155 0.999641061 0.004218669 -2.494503498 0.007623631 -0.004018262 0.999962866 105.665374756
0.999628901 0.025163922 0.010433835 -4.462375641 -0.025179466 0.999682009 0.001360911 -2.507566214 -0.010396272 -0.001623124 0.999944627 106.096221924
0.999205172 0.024684820 0.031298988 -4.436135769 -0.024590734 0.999691844 -0.003387432 -2.517295122 -0.031372961 0.002615074 0.999504328 106.512077332
0.998226821 0.022405781 0.055147383 -4.391709805 -0.021988221 0.999724865 -0.008166927 -2.529466867 -0.055315200 0.006939853 0.998444796 106.919372559
0.996456027 0.020045161 0.081692047 -4.333143234 -0.019228129 0.999757051 -0.010775927 -2.544865131 -0.081888206 0.009166952 0.996599376 107.337615967
0.993655682 0.017417740 0.111108236 -4.262875557 -0.016182391 0.999796927 -0.012010622 -2.557014227 -0.111294873 0.010136425 0.993735731 107.738067627
0.989595175 0.014969796 0.143098876 -4.185356617 -0.013117386 0.999817610 -0.013879662 -2.569709301 -0.143280551 0.011858163 0.989611089 108.100151062
0.983921885 0.011849674 0.178205758 -4.102735519 -0.009341123 0.999845207 -0.014909201 -2.590493917 -0.178354844 0.013004848 0.983880281 108.426353455
0.976296008 0.008758237 0.216262341 -3.993160963 -0.005511352 0.999862909 -0.015612172 -2.600839853 -0.216369420 0.014050203 0.976210475 108.788909912
0.966684580 0.006420347 0.255889952 -3.872993469 -0.002373922 0.999867260 -0.016118888 -2.619279146 -0.255959481 0.014974418 0.966571510 109.137184143
0.954728842 0.007630797 0.297379553 -3.747910738 -0.002682533 0.999851167 -0.017044110 -2.635671616 -0.297465324 0.015474773 0.954607189 109.470314026
0.939986408 0.009126912 0.341089815 -3.617175579 -0.003433294 0.999844611 -0.017292351 -2.652083397 -0.341194630 0.015083512 0.939871669 109.777542114
0.922992885 0.009359173 0.384703219 -3.449720621 -0.003415807 0.999864101 -0.016129669 -2.662855387 -0.384801894 0.013573498 0.922899365 110.091606140
0.903331816 0.008208395 0.428863943 -3.275635242 -0.002064346 0.999888480 -0.014789518 -2.676114798 -0.428937525 0.012474518 0.903248012 110.393844604
0.880674005 0.007448421 0.473664254 -3.089150906 -0.000111521 0.999879599 -0.015515865 -2.686167717 -0.473722816 0.013611595 0.880568802 110.688163757
0.856367826 0.007281536 0.516314983 -2.892516136 0.002051703 0.999844670 -0.017503690 -2.703856945 -0.516362250 0.016048921 0.856219888 110.949348450
0.829042256 0.009412992 0.559106767 -2.680840492 0.002642853 0.999781191 -0.020750901 -2.720885515 -0.559179783 0.018681010 0.828835964 111.223609924
0.798774123 0.013843633 0.601471722 -2.452950478 0.001287509 0.999693632 -0.024719073 -2.738333464 -0.601629674 0.020519357 0.798511624 111.495025635
0.765832007 0.019768136 0.642736793 -2.201114655 -0.001970570 0.999594808 -0.028395763 -2.752347469 -0.643037677 0.020479826 0.765560627 111.757720947
0.728897572 0.024383944 0.684188426 -1.929182053 -0.003801484 0.999494255 -0.031571306 -2.759717464 -0.684612215 0.020411318 0.728621662 112.033958435
0.691133618 0.024674298 0.722305715 -1.630647659 -0.001614535 0.999467254 -0.032597411 -2.773712158 -0.722725213 0.021362981 0.690805256 112.263900757
0.645297766 0.022982504 0.763585329 -1.358959198 0.000419979 0.999536514 -0.030439116 -2.804751396 -0.763930976 0.019962983 0.644989014 112.560646057
0.601277292 0.020884201 0.798767507 -1.034667969 0.001767484 0.999621153 -0.027466115 -2.818432570 -0.799038529 0.017926561 0.601012588 112.772712708
0.556357920 0.018923037 0.830727220 -0.688861847 0.003348215 0.999681473 -0.025014006 -2.827925682 -0.830936015 0.016698195 0.556117356 112.956245422
0.509541512 0.016164763 0.860294282 -0.335861206 0.005398012 0.999743819 -0.021982171 -2.839369297 -0.860429227 0.015844708 0.509323716 113.119003296
0.457574904 0.013394549 0.889070213 -0.011981964 0.005539353 0.999824166 -0.017914068 -2.862610817 -0.889153898 0.013121902 0.457420290 113.278640747
0.406262100 0.013623773 0.913654983 0.366443634 0.003276783 0.999860704 -0.016366253 -2.876399994 -0.913750708 0.009642837 0.406160831 113.422775269
0.355941892 0.018229084 0.934330285 0.732620239 -0.001338738 0.999818623 -0.018996779 -2.900005102 -0.934507132 0.005510928 0.355901778 113.532920837
0.307412803 0.023204111 0.951293290 1.110137939 -0.001288242 0.999711871 -0.023968846 -2.908969402 -0.951575398 0.006142835 0.307354152 113.612747192
0.259521961 0.025746509 0.965394020 1.475761414 -0.001176797 0.999652267 -0.026343808 -2.920787811 -0.965736508 0.005700724 0.259461999 113.718948364
0.219150364 0.025330057 0.975362241 1.900192261 0.006255502 0.999605954 -0.027365187 -2.935934544 -0.975671053 0.012098472 0.218905568 113.774803162
0.184511662 0.024673304 0.982520640 2.329956055 0.014660102 0.999504507 -0.027852893 -2.952536345 -0.982721031 0.019543037 0.184058547 113.820091248
0.154443264 0.025629383 0.987669170 2.789031982 0.018886197 0.999404252 -0.028887162 -2.969523907 -0.987821162 0.023114741 0.153867185 113.865905762
0.126465976 0.024336182 0.991672516 3.271484375 0.016742527 0.999504268 -0.026663523 -2.983205795 -0.991829753 0.019975135 0.125995815 113.923728943
0.101003110 0.021403629 0.994655967 3.759994507 0.009390532 0.999703526 -0.022465818 -2.999974728 -0.994841933 0.011609467 0.100772202 114.000602722
0.077439487 0.017323842 0.996846676 4.272392273 0.004620553 0.999832034 -0.017734673 -3.019284725 -0.996986508 0.005979348 0.077346444 114.037139893
0.055261314 0.014839586 0.998361707 4.805015564 0.008737186 0.999844074 -0.015345242 -3.036971807 -0.998433769 0.009570871 0.055123031 114.052520752
0.035603642 0.015481341 0.999246120 5.344131470 0.016983807 0.999726236 -0.016093921 -3.056440830 -0.999221683 0.017544005 0.035330951 114.051788330
0.018133163 0.017804870 0.999677122 5.922431946 0.021637807 0.999600291 -0.018195994 -3.075466633 -0.999601543 0.021960773 0.017740667 114.063537598
0.003840566 0.023231613 0.999722898 6.499397278 0.021893026 0.999488533 -0.023310278 -3.087153912 -0.999753118 0.021976484 0.003329933 114.063468933
-0.006870747 0.027621638 0.999594927 7.120826721 0.019289237 0.999436080 -0.027484668 -3.106690645 -0.999790370 0.019092582 -0.007399678 114.067634583
-0.013147473 0.027490603 0.999535739 7.755729675 0.020522987 0.999418855 -0.027217444 -3.129316330 -0.999703109 0.020155620 -0.013704062 114.058502197
-0.015519619 0.024106190 0.999588966 8.410392761 0.027523261 0.999340832 -0.023672879 -3.150242567 -0.999500692 0.027144553 -0.016172886 114.050231934
-0.015159369 0.022371000 0.999634802 9.078346252 0.028601097 0.999350309 -0.021930899 -3.174467087 -0.999475956 0.028258193 -0.015789270 114.043586731
-0.013441443 0.022070542 0.999666154 9.762657166 0.027170967 0.999395251 -0.021699227 -3.197600603 -0.999540508 0.026870226 -0.014033079 114.047103882
-0.011823297 0.022547800 0.999675810 10.482490540 0.024431214 0.999453783 -0.022253839 -3.221646786 -0.999631584 0.024160182 -0.012367606 114.053527832
-0.010623455 0.023747522 0.999661565 11.199409485 0.023888446 0.999438643 -0.023488365 -3.241208553 -0.999658227 0.023630833 -0.011184812 114.056625366
-0.010085344 0.024667382 0.999644935 11.939270020 0.022783756 0.999441803 -0.024432512 -3.268752337 -0.999689639 0.022529259 -0.010641694 114.066741943
-0.008975863 0.024122106 0.999668717 12.707992554 0.022267191 0.999465942 -0.023917278 -3.299028397 -0.999711752 0.022045135 -0.009508252 114.063346863
-0.008686781 0.022690294 0.999704957 13.485260010 0.020863315 0.999529004 -0.022505017 -3.327025414 -0.999744713 0.020661663 -0.009156108 114.073043823
-0.007892132 0.021482108 0.999738276 14.257247925 0.022146283 0.999527752 -0.021302763 -3.353667974 -0.999723732 0.021972362 -0.008364201 114.070541382
-0.008714437 0.019208807 0.999777615 15.061187744 0.022791252 0.999559581 -0.019005964 -3.381311178 -0.999702334 0.022620557 -0.009148359 114.078186035
-0.009908080 0.017262224 0.999802053 15.858009338 0.020265814 0.999649107 -0.017058754 -3.416801453 -0.999745667 0.020092782 -0.010254502 114.083618164
-0.010776401 0.016735371 0.999801874 16.675910950 0.019279249 0.999677539 -0.016525488 -3.433366299 -0.999756038 0.019097345 -0.011095524 114.075500488
-0.011855245 0.014458307 0.999825299 17.487686157 0.021657670 0.999664605 -0.014199184 -3.450148821 -0.999695241 0.021485550 -0.012164354 114.070724487
-0.013251424 0.012877234 0.999829352 18.316711426 0.023238480 0.999650955 -0.012566942 -3.473734379 -0.999642193 0.023067983 -0.013546109 114.068847656
-0.014774561 0.011676278 0.999822676 19.173301697 0.020450447 0.999726176 -0.011372952 -3.513876200 -0.999681652 0.020278791 -0.015009284 114.067062378
-0.015484810 0.016565623 0.999742866 20.014060974 0.017302087 0.999717474 -0.016297214 -3.534310341 -0.999730408 0.017045278 -0.015767097 114.064361572
-0.016560674 0.020985153 0.999642670 20.870239258 0.019158520 0.999602854 -0.020666927 -3.563342094 -0.999679387 0.018809415 -0.016956210 114.067672729
-0.017528296 0.022635268 0.999590278 21.720695496 0.019061005 0.999569595 -0.022300562 -3.591822863 -0.999664783 0.018662304 -0.017952204 114.060371399
-0.019091249 0.020394469 0.999609709 22.590766907 0.015471691 0.999678254 -0.020100378 -3.630630016 -0.999698043 0.015081910 -0.019400597 114.058990479
-0.020206094 0.016215930 0.999664485 23.455474854 0.012214993 0.999797821 -0.015971199 -3.662160635 -0.999721348 0.011888181 -0.020400167 114.058052063
-0.020478368 0.010966563 0.999730170 24.322929382 0.011001346 0.999881744 -0.010742875 -3.692783356 -0.999729753 0.010778381 -0.020596623 114.052536011
-0.021082401 0.005596154 0.999762177 25.182456970 0.007077508 0.999960124 -0.005448017 -3.716399193 -0.999752760 0.006960968 -0.021121144 114.055145264
-0.020449042 0.004070509 0.999782741 26.059341431 0.004250616 0.999983013 -0.003984386 -3.747965097 -0.999782026 0.004168215 -0.020465970 114.044334412
-0.019709468 0.010847827 0.999746859 26.908744812 0.007283406 0.999916136 -0.010706075 -3.774091721 -0.999779224 0.007070553 -0.019786835 114.036560059
-0.018618941 0.021950923 0.999585688 27.756195068 0.009596135 0.999716818 -0.021775061 -3.801763058 -0.999780595 0.009186731 -0.018824339 114.029800415
-0.018302917 0.027089383 0.999465525 28.604057312 0.011673824 0.999570549 -0.026878454 -3.826476336 -0.999764383 0.011175634 -0.018611312 114.022590637
-0.016955018 0.021351373 0.999628246 29.448738098 0.012794772 0.999694765 -0.021135775 -3.863377094 -0.999774337 0.012431658 -0.017223001 114.018806458
-0.015988111 0.013655713 0.999779046 30.306266785 0.015775613 0.999785721 -0.013403529 -3.896905899 -0.999747813 0.015557831 -0.016200066 114.010032654
-0.015154243 0.010577003 0.999829352 31.153930664 0.017449912 0.999794543 -0.010312154 -3.925956249 -0.999733031 0.017290661 -0.015335679 114.002243042
-0.015575171 0.011212057 0.999815881 31.983261108 0.016243223 0.999808013 -0.010958931 -3.954738379 -0.999746799 0.016069544 -0.015754342 114.000778198
-0.016652346 0.012160054 0.999787390 32.814186096 0.013034844 0.999843717 -0.011943633 -3.981550694 -0.999776363 0.012833183 -0.016808152 114.001174927
-0.018851280 0.012565717 0.999743462 33.645492554 0.010984199 0.999863267 -0.012360105 -4.008432388 -0.999762058 0.010748376 -0.018986821 114.004684448
-0.020692587 0.012276382 0.999710500 34.479515076 0.010054043 0.999876618 -0.012070318 -4.037469387 -0.999735355 0.009801367 -0.020813465 113.991836548
-0.023162365 0.012664167 0.999651611 35.304618835 0.008531235 0.999885857 -0.012469464 -4.064548969 -0.999695420 0.008239442 -0.023267746 113.989120483
-0.024800658 0.013118582 0.999606371 36.115303040 0.007069187 0.999891222 -0.012946931 -4.089818478 -0.999667466 0.006745313 -0.024890661 113.975936890
-0.027317166 0.012279649 0.999551415 36.930740356 0.005203246 0.999912739 -0.012141887 -4.117101669 -0.999613285 0.004869230 -0.027378678 113.971038818
-0.029163122 0.011122750 0.999512792 37.744575500 0.005007941 0.999927163 -0.010981243 -4.144712925 -0.999562144 0.004685254 -0.029216647 113.951553345
-0.031000137 0.010846083 0.999460697 38.550399780 0.004159029 0.999933839 -0.010722221 -4.175496578 -0.999510884 0.003824397 -0.031043172 113.935989380
-0.032814503 0.011784951 0.999392092 39.343986511 0.004491794 0.999922097 -0.011643717 -4.202581406 -0.999451458 0.004106981 -0.032864928 113.921180725
-0.033939481 0.012334531 0.999347746 40.138465881 0.005179232 0.999912560 -0.012165608 -4.224706650 -0.999410450 0.004762960 -0.034000397 113.903564453
-0.034742355 0.011139889 0.999334335 40.928863525 0.007206827 0.999914646 -0.010895812 -4.250473499 -0.999370396 0.006823484 -0.034819603 113.879394531
-0.036899924 0.010371964 0.999265194 41.727394104 0.007346215 0.999921918 -0.010107508 -4.278297424 -0.999292016 0.006967850 -0.036973238 113.871292114
-0.037955880 0.009921376 0.999230266 42.496658325 0.006009867 0.999934912 -0.009700089 -4.305430412 -0.999261439 0.005637066 -0.038013101 113.849166870
-0.039348722 0.008952573 0.999185503 43.250770569 0.003443830 0.999955118 -0.008823848 -4.330516338 -0.999219656 0.003093817 -0.039377809 113.829811096
-0.040291309 0.007985563 0.999156117 44.005081177 0.002601094 0.999965489 -0.007887142 -4.351832867 -0.999184668 0.002281116 -0.040310740 113.814544678
-0.041091323 0.007543180 0.999127090 44.726135254 0.002152893 0.999969840 -0.007461001 -4.379289627 -0.999153256 0.001844432 -0.041106224 113.792098999
-0.041452408 0.010040180 0.999090135 45.448165894 0.002677475 0.999947011 -0.009937704 -4.402280807 -0.999136984 0.002263098 -0.041477084 113.778411865
-0.041452527 0.013029297 0.999055505 46.183624268 0.002886216 0.999912381 -0.012920718 -4.422815800 -0.999136329 0.002347894 -0.041486502 113.755455017
-0.041709423 0.014684362 0.999021947 46.895843506 0.001063377 0.999892056 -0.014652756 -4.446310520 -0.999129295 0.000451179 -0.041720510 113.740859985
-0.041757226 0.015574775 0.999006391 47.603523254 0.001088664 0.999878585 -0.015542869 -4.470296860 -0.999127150 0.000438555 -0.041769147 113.717544556
-0.041589141 0.014777577 0.999025524 48.316520691 0.002423419 0.999889195 -0.014689465 -4.503118515 -0.999131858 0.001810134 -0.041620374 113.692489624
-0.042022586 0.014443505 0.999012351 49.024475098 0.003139264 0.999892473 -0.014324180 -4.524825096 -0.999111831 0.002534226 -0.042063355 113.673919678
-0.042357087 0.014465546 0.998997927 49.728698730 -0.001199639 0.999893725 -0.014529383 -4.551015854 -0.999101937 -0.001813858 -0.042335272 113.660324097
-0.042047501 0.014419358 0.999011576 50.423179626 -0.003408117 0.999887943 -0.014575453 -4.583122253 -0.999109805 -0.004017610 -0.041993618 113.642425537
-0.042122126 0.012953585 0.999028563 51.119255066 -0.001872731 0.999913156 -0.013044016 -4.608871460 -0.999110758 -0.002420353 -0.042094231 113.621810913
-0.043143392 0.012606187 0.998989403 51.809539795 -0.001204315 0.999918997 -0.012669929 -4.628086090 -0.999068201 -0.001749721 -0.043124676 113.600479126
-0.046425104 0.011689878 0.998853505 52.488533020 -0.004839436 0.999917150 -0.011927256 -4.658510208 -0.998910189 -0.005387610 -0.046364665 113.579177856
-0.051472068 0.011542777 0.998607874 53.173866272 -0.008675675 0.999890327 -0.012004778 -4.679930687 -0.998636901 -0.009281505 -0.051366210 113.554046631
-0.057399035 0.015608984 0.998229206 53.863471985 -0.004737578 0.999862254 -0.015906934 -4.698067665 -0.998340011 -0.005642232 -0.057317138 113.521713257
-0.063741326 0.018486585 0.997795224 54.539573669 -0.002069777 0.999823809 -0.018656392 -4.717847347 -0.997964323 -0.003254395 -0.063691735 113.478027344
-0.071029067 0.019996628 0.997273922 55.226074219 -0.003238145 0.999789119 -0.020277694 -4.743767262 -0.997469127 -0.004669619 -0.070949316 113.436294556
-0.077136517 0.019263797 0.996834576 55.936203003 -0.007172731 0.999776721 -0.019875692 -4.766383648 -0.996994913 -0.008683166 -0.076981187 113.395561218
-0.082498193 0.017965488 0.996429265 56.637870789 -0.007443013 0.999798536 -0.018642470 -4.795093060 -0.996563435 -0.008954405 -0.082347870 113.345764160
-0.087338805 0.018589243 0.996005177 57.341644287 -0.010055697 0.999758482 -0.019541070 -4.822650433 -0.996127903 -0.011722221 -0.087130785 113.295562744
-0.091242194 0.018221237 0.995662093 58.052322388 -0.012098899 0.999738514 -0.019404575 -4.841830730 -0.995755315 -0.013816927 -0.090997815 113.243659973
-0.094200730 0.015006131 0.995440245 58.772239685 -0.011826467 0.999798954 -0.016191004 -4.867203236 -0.995483100 -0.013297743 -0.094004273 113.186904907
-0.095801950 0.012025079 0.995327890 59.504066467 -0.009575455 0.999869645 -0.013001603 -4.890366077 -0.995354414 -0.010776293 -0.095674276 113.122985840
-0.097515583 0.009073920 0.995192766 60.235275269 -0.010600834 0.999892235 -0.010155506 -4.918090343 -0.995177627 -0.011540191 -0.097408772 113.063812256
-0.098598242 0.008369888 0.995092213 60.976753235 -0.011436156 0.999889076 -0.009543380 -4.942574024 -0.995061696 -0.012320988 -0.098491549 113.000701904
-0.098665953 0.012212794 0.995045722 61.714271545 -0.009040342 0.999872446 -0.013168450 -4.961694717 -0.995079577 -0.010294829 -0.098542929 112.927963257
-0.098541617 0.015994228 0.995004475 62.464019775 -0.003239487 0.999860346 -0.016393114 -4.985013008 -0.995127738 -0.004838707 -0.098476052 112.853584290
-0.099099040 0.020807182 0.994860232 63.222900391 0.004276460 0.999781013 -0.020484122 -5.011590958 -0.995068610 0.002224525 -0.099166393 112.778030396
-0.099790096 0.022062914 0.994763970 63.981208801 0.004770887 0.999753237 -0.021694981 -5.035994053 -0.994997144 0.002580965 -0.099870682 112.706809998
-0.100453496 0.019686773 0.994747102 64.763664246 0.003011203 0.999805629 -0.019482806 -5.065752029 -0.994937301 0.001038272 -0.100493312 112.640151978
-0.100691915 0.014772866 0.994808078 65.535842896 0.003411840 0.999889016 -0.014502982 -5.093080521 -0.994911909 0.001933795 -0.100731134 112.575775146
-0.100594640 0.012856227 0.994844496 66.298316956 0.005626866 0.999907851 -0.012352696 -5.121037006 -0.994911611 0.004355242 -0.100657701 112.503890991
-0.101481557 0.012416336 0.994759977 67.070922852 0.005333984 0.999914527 -0.011936522 -5.146288395 -0.994823158 0.004094696 -0.101539135 112.435501099
-0.103169203 0.013316593 0.994574785 67.830078125 0.004048743 0.999907732 -0.012968014 -5.171088696 -0.994655669 0.002688879 -0.103213549 112.371292114
-0.105335355 0.014051203 0.994337499 68.588256836 0.003683573 0.999898851 -0.013739571 -5.195591927 -0.994429946 0.002215453 -0.105376482 112.300827026
-0.107434392 0.014035049 0.994113266 69.340469360 0.004815361 0.999895990 -0.013596294 -5.223490238 -0.994200647 0.003326308 -0.107490778 112.226867676
-0.109470248 0.014346723 0.993886709 70.105239868 0.005127610 0.999890685 -0.013868621 -5.245709419 -0.993977010 0.003578063 -0.109531879 112.154525757
-0.111352921 0.014165984 0.993680000 70.861007690 0.004867163 0.999894202 -0.013709155 -5.269462585 -0.993769050 0.003309848 -0.111410141 112.076271057
-0.113032818 0.014271836 0.993488789 71.627578735 0.002204758 0.999897957 -0.014113063 -5.296518803 -0.993588865 0.000595163 -0.113052845 112.002609253
-0.114205360 0.015841190 0.993331015 72.402244568 0.002103136 0.999874473 -0.015703741 -5.320519447 -0.993455112 0.000295661 -0.114224315 111.926521301
-0.115022659 0.016148156 0.993231654 73.172729492 0.001016016 0.999869227 -0.016138410 -5.345336437 -0.993362367 -0.000847144 -0.115023971 111.847023010
-0.116208911 0.016685436 0.993084610 73.952819824 0.000820190 0.999860168 -0.016703298 -5.366812706 -0.993224442 -0.001126556 -0.116206408 111.766342163
-0.117552400 0.015018342 0.992953122 74.749877930 0.001681477 0.999887228 -0.014924155 -5.392884254 -0.993065238 -0.000084742 -0.117564321 111.687118530
-0.118516326 0.012696304 0.992870927 75.549728394 -0.000371678 0.999917626 -0.012830780 -5.416086674 -0.992952049 -0.001889686 -0.118501902 111.605323792
-0.120321274 0.010803190 0.992676318 76.344345093 -0.003618389 0.999929368 -0.011320706 -5.438897133 -0.992728531 -0.004954009 -0.120273709 111.524497986
-0.122339845 0.010341148 0.992434561 77.152084351 -0.001834138 0.999941647 -0.010645472 -5.459269524 -0.992486715 -0.003122625 -0.122313738 111.433174133
-0.124060750 0.010711532 0.992217004 77.968902588 -0.001022453 0.999939799 -0.010922748 -5.486965179 -0.992274284 -0.002369576 -0.124042273 111.341117859
-0.126394987 0.012141290 0.991905630 78.779151917 -0.001664878 0.999921083 -0.012451552 -5.509151459 -0.991978586 -0.003225216 -0.126364708 111.246879578
-0.127721786 0.015596845 0.991687477 79.601806641 -0.000262367 0.999875784 -0.015759420 -5.534925461 -0.991810083 -0.002273005 -0.127701759 111.150466919
-0.128072262 0.019283654 0.991577387 80.416702271 0.001775398 0.999813795 -0.019214522 -5.564007759 -0.991763294 -0.000700403 -0.128082752 111.048805237
-0.129533291 0.022913776 0.991310418 81.248519897 0.002552409 0.999737382 -0.022775045 -5.599976540 -0.991571903 -0.000419896 -0.129557729 110.954406738
-0.129360318 0.024371879 0.991298079 82.095100403 0.004597557 0.999701917 -0.023978533 -5.622975826 -0.991586983 0.001455679 -0.129433870 110.854591370
-0.128643870 0.023710014 0.991407573 82.944808960 0.008405349 0.999704301 -0.022817772 -5.655025959 -0.991655409 0.005397764 -0.128805161 110.748977661
-0.128502131 0.021713259 0.991471648 83.796676636 0.008807720 0.999745846 -0.020752920 -5.689989090 -0.991670251 0.006065813 -0.128660679 110.648468018
-0.127816081 0.020032553 0.991595685 84.645584106 0.007759578 0.999785602 -0.019197807 -5.722087860 -0.991767645 0.005240576 -0.127944112 110.549270630
-0.126354694 0.017534019 0.991830051 85.529663086 0.006502607 0.999836922 -0.016847163 -5.758385181 -0.991963744 0.004320763 -0.126448154 110.455535889
-0.124948144 0.014446735 0.992058218 86.398109436 0.007342678 0.999880075 -0.013635845 -5.786524773 -0.992136240 0.005580592 -0.125039220 110.359703064
-0.123352051 0.010724531 0.992305040 87.274475098 0.007430612 0.999923527 -0.009883182 -5.816031933 -0.992335141 0.006154323 -0.123422265 110.263595581
-0.121556401 0.011046326 0.992523193 88.144409180 0.006150693 0.999927282 -0.010375444 -5.838971138 -0.992565632 0.004843505 -0.121615529 110.169494629
-0.120480299 0.014928172 0.992603719 89.023620605 0.006401437 0.999877810 -0.014260581 -5.871893406 -0.992695332 0.004635972 -0.120561242 110.081748962
-0.118488193 0.021398157 0.992724895 89.884040833 0.007899820 0.999756455 -0.020606827 -5.897983074 -0.992924094 0.005400684 -0.118628383 109.985542297
-0.117099047 0.024812965 0.992810190 90.758773804 0.004949573 0.999689996 -0.024401121 -5.925921440 -0.993107855 0.002056637 -0.117185593 109.893783569
