1.000000000 0.000000000 0.000000000 0.000000000 0.000000000 1.000000000 0.000000000 0.000000000 0.000000000 0.000000000 1.000000000 0.000000000
0.999042571 -0.000724000 0.043742467 0.045184489 0.000826839 0.999996960 -0.002332979 -0.020525133 -0.043740645 0.002366913 0.999040127 1.023111939
0.996048212 -0.005030156 0.088671498 0.140591398 0.005701205 0.999956965 -0.007316176 -0.039090838 -0.088630885 0.007792798 0.996034026 2.046629906
0.990954280 -0.004262202 0.134132057 0.275041729 0.005820137 0.999920070 -0.011224969 -0.063541301 -0.134073496 0.011904098 0.990899861 3.059313297
0.983642042 -0.001957733 0.180123493 0.456159890 0.004466634 0.999898553 -0.013524247 -0.090237692 -0.180078745 0.014107564 0.983551025 4.074778080
0.974111021 -0.004248257 0.226030126 0.688789010 0.007498271 0.999880433 -0.013522088 -0.121460468 -0.225945666 0.014866849 0.974026442 5.075237751
0.962474942 -0.004987986 0.271324724 0.964326024 0.009347862 0.999847114 -0.014778821 -0.151447207 -0.271209538 0.016760550 0.962374389 6.079097271
0.948959649 -0.007503912 0.315308303 1.283148170 0.013700506 0.999754012 -0.017440584 -0.183628142 -0.315099865 0.020870293 0.948828995 7.051003456
0.933752537 -0.008970975 0.357806861 1.653250217 0.016948422 0.999672651 -0.019165633 -0.214741379 -0.357517809 0.023960220 0.933598936 8.012607574
0.916492343 -0.008858295 0.399954140 2.062261581 0.018334320 0.999634385 -0.019872796 -0.246941775 -0.399631888 0.025546154 0.916319668 8.944379807
0.896633208 -0.009194486 0.442678571 2.503877640 0.019326204 0.999644220 -0.018381970 -0.285466433 -0.442352086 0.025037181 0.896491945 9.865487099
0.874763727 -0.008758107 0.484470546 2.994432449 0.019592861 0.999658287 -0.017305516 -0.320924222 -0.484153420 0.024630399 0.874636412 10.758124352
0.850734651 -0.009261191 0.525513887 3.518474340 0.020815365 0.999653995 -0.016080195 -0.359915853 -0.525183141 0.024618741 0.850633085 11.612209320
0.825062871 -0.009472167 0.564961553 4.088755608 0.022508113 0.999616861 -0.016110960 -0.391816497 -0.564592481 0.026008772 0.824959993 12.455086708
0.797839522 -0.011148889 0.602766752 4.709264755 0.025777748 0.999545455 -0.015632391 -0.431700200 -0.602318525 0.028010109 0.797764301 13.257900238
0.769103408 -0.010120053 0.639044285 5.358935356 0.026486892 0.999520302 -0.016048910 -0.463589549 -0.638575315 0.029269567 0.769002557 14.045416832
0.738475800 -0.013042236 0.674153864 6.038693428 0.030992027 0.999412775 -0.014614298 -0.502236366 -0.673567355 0.031685699 0.738446355 14.767631531
0.706379354 -0.012298446 0.707726657 6.751318932 0.031508218 0.999404311 -0.014081194 -0.532087862 -0.707131863 0.032245871 0.706346035 15.474622726
0.672048569 -0.010650611 0.740430534 7.501378059 0.032386601 0.999362528 -0.015020376 -0.563438296 -0.739798546 0.034074448 0.671965063 16.167190552
0.636420190 -0.011796203 0.771252394 8.268754005 0.036981314 0.999199867 -0.015233529 -0.590433598 -0.770455599 0.038216852 0.636347175 16.789781570
0.599658370 -0.009937743 0.800194383 9.107774734 0.036964182 0.999199569 -0.015291401 -0.620938420 -0.799401939 0.038748149 0.599545777 17.431415558
0.561820865 -0.008819240 0.827211976 9.925873756 0.039947916 0.999065876 -0.016480150 -0.652088821 -0.826293886 0.042304281 0.561648369 17.978878021
0.522962928 -0.006860019 0.852327883 10.804916382 0.044074636 0.998847485 -0.019003592 -0.681855738 -0.851215184 0.047504213 0.522662580 18.521383286
0.483759403 -0.005593450 0.875183225 11.670911789 0.045249954 0.998802006 -0.018628495 -0.706884861 -0.874030530 0.048613708 0.483432949 19.002569199
0.445282757 -0.007398640 0.895359457 12.599746704 0.050764900 0.998566031 -0.016995078 -0.735697031 -0.893949807 0.053020447 0.445019782 19.456912994
0.408242404 -0.007899848 0.912839413 13.515560150 0.054565255 0.998385787 -0.015762642 -0.760378003 -0.911241412 0.056244291 0.408014476 19.855159760
0.372924805 -0.005384894 0.927845955 14.500677109 0.056285918 0.998272836 -0.016829114 -0.783945680 -0.926152825 0.058500655 0.372583807 20.248378754
0.339345098 -0.006091030 0.940642238 15.487481117 0.057020441 0.998273373 -0.014106421 -0.803021431 -0.938932180 0.058422778 0.339106500 20.608901978
0.305835068 -0.007555725 0.952054501 16.490242004 0.059529882 0.998163700 -0.011201536 -0.822817206 -0.950221598 0.060101513 0.305723250 20.930831909
0.272888482 -0.007380534 0.962017417 17.509140015 0.060043171 0.998151779 -0.009374263 -0.844438195 -0.960170209 0.060320698 0.272827268 21.218601227
0.240660071 -0.004603318 0.970598578 18.523132324 0.057494782 0.998300433 -0.009521139 -0.870593011 -0.968905151 0.058095708 0.240515709 21.472717285
0.209549248 -0.002775852 0.977794170 19.577678680 0.057442147 0.998303890 -0.009476244 -0.882639050 -0.976109385 0.058152337 0.209353268 21.703258514
0.179163456 -0.002492507 0.983816147 20.648700714 0.059620861 0.998186350 -0.008328682 -0.900711477 -0.982011080 0.060148165 0.178987145 21.886377335
0.148373961 -0.002622257 0.988927841 21.737590790 0.061456036 0.998088121 -0.006574022 -0.916366160 -0.987019897 0.061750997 0.148251414 22.051679611
0.117956996 -0.003352266 0.993013084 22.835437775 0.060156856 0.998181820 -0.003776137 -0.932567358 -0.991194904 0.060181964 0.117944181 22.179792404
0.088794529 -0.003631559 0.996043324 23.956064224 0.060866561 0.998144329 -0.001786869 -0.946673989 -0.994188488 0.060784400 0.088850796 22.273580551
0.061619997 -0.003128958 0.998094857 25.091363907 0.063769557 0.997964323 -0.000808438 -0.947463870 -0.996060550 0.063697882 0.061694086 22.335062027
0.036150992 -0.002747228 0.999342561 26.260652542 0.067533828 0.997716963 0.000299735 -0.962927520 -0.997061849 0.067478590 0.036253989 22.379058838
0.013349295 -0.002232949 0.999908388 27.444229126 0.071862653 0.997413754 0.001267977 -0.967922926 -0.997325182 0.071839146 0.013475239 22.387626648
-0.006893754 -0.002254013 0.999973774 28.629608154 0.077723444 0.996971071 0.002783050 -0.967743397 -0.996951222 0.077740580 -0.006697655 22.370710373
-0.024624467 -0.002913076 0.999692619 29.845802307 0.082023159 0.996618271 0.004924504 -0.972433925 -0.996326268 0.082119197 -0.024302244 22.329887390
-0.040127754 -0.002747510 0.999190867 31.068675995 0.085243851 0.996341050 0.006163077 -0.972348511 -0.995551825 0.085422181 -0.039746761 22.268140793
-0.054751396 -0.003363480 0.998494387 32.312198639 0.087409057 0.996139169 0.008148530 -0.972623467 -0.994666755 0.087723590 -0.054246068 22.201515198
-0.067960858 -0.004399559 0.997678459 33.552474976 0.087580308 0.996103585 0.010358491 -0.971645951 -0.993836641 0.088080943 -0.067310810 22.111206055
-0.080103397 -0.004244622 0.996777534 34.800292969 0.087390408 0.996110439 0.011264676 -0.970456600 -0.992948294 0.088011131 -0.079420805 22.006694794
-0.091435432 -0.001396768 0.995810032 36.059749603 0.087395094 0.996129155 0.009421848 -0.967455626 -0.991968632 0.087890401 -0.090959430 21.895992279
-0.101628423 0.002258803 0.994819880 37.328441620 0.087847501 0.996111333 0.006712558 -0.956593335 -0.990936160 0.088074625 -0.101431608 21.769672394
-0.111000657 0.004842673 0.993808508 38.637672424 0.088941596 0.996023893 0.005080614 -0.950355291 -0.989832401 0.088954866 -0.110989928 21.613956451
-0.118414044 0.005922525 0.992946804 39.960948944 0.088808790 0.996037841 0.004649940 -0.947921574 -0.988985062 0.088733010 -0.118470907 21.452144623
-0.124144077 0.006714214 0.992241502 41.309925079 0.088509649 0.996065915 0.004333766 -0.942967951 -0.988308847 0.088360965 -0.124249935 21.284763336
-0.129487634 0.008301917 0.991546392 42.675506592 0.089706838 0.995962501 0.003376056 -0.943327487 -0.987514973 0.089385636 -0.129709482 21.114112854
-0.134090066 0.009913365 0.990919530 44.052154541 0.088566132 0.996068239 0.002019787 -0.941259325 -0.987003446 0.088032745 -0.134440780 20.933219910
-0.138165832 0.010735096 0.990350842 45.449111938 0.089153014 0.996016562 0.001641407 -0.939911366 -0.986388266 0.088519551 -0.138572454 20.745033264
-0.141519666 0.009756785 0.989887416 46.877239227 0.088684015 0.996055722 0.002861152 -0.942105770 -0.985955119 0.088192098 -0.141826749 20.545932770
-0.143984675 0.007775351 0.989549398 48.313961029 0.089414760 0.995980978 0.005184431 -0.940735400 -0.985532045 0.089226797 -0.144101262 20.339427948
-0.146128774 0.006564649 0.989243925 49.777435303 0.089282036 0.995984674 0.006579146 -0.943834901 -0.985228598 0.089283101 -0.146128178 20.117252350
-0.148179889 0.007153052 0.988934696 51.223472595 0.091979802 0.995739162 0.006579778 -0.941761553 -0.984673917 0.091936991 -0.148206472 19.904609680
-0.149336934 0.007147659 0.988760531 52.741508484 0.091806769 0.995754540 0.006667768 -0.932959557 -0.984515131 0.091770656 -0.149359107 19.663631439
-0.150004745 0.008592570 0.988647997 54.241958618 0.093816780 0.995573819 0.005581784 -0.924473405 -0.984224141 0.093589060 -0.150146961 19.433311462
-0.149969220 0.008804330 0.988651454 55.752464294 0.093547083 0.995600641 0.005324001 -0.919767380 -0.984255135 0.093283899 -0.150133133 19.197986603
-0.149304152 0.010599976 0.988734663 57.270629883 0.093645968 0.995599508 0.003467441 -0.912527800 -0.984347045 0.093108706 -0.149639845 18.966403961
-0.148107529 0.010172674 0.988918900 58.858825684 0.094153717 0.995550215 0.003860245 -0.913217902 -0.984479129 0.093682125 -0.148406267 18.716018677
-0.146395326 0.009040536 0.989184976 60.405471802 0.093494564 0.995608509 0.004737567 -0.913938284 -0.984798133 0.093176961 -0.146597743 18.490844727
-0.145723343 0.009713993 0.989277661 62.031967163 0.094204932 0.995544374 0.004101122 -0.916506886 -0.984829962 0.093792468 -0.145989180 18.252845764
-0.144970417 0.010418290 0.989381194 63.643413544 0.093603425 0.995604336 0.003231552 -0.909320235 -0.984998524 0.093077935 -0.145308375 18.023841858
-0.143773556 0.011058264 0.989548981 65.264633179 0.094624452 0.995509565 0.002623292 -0.907577276 -0.985076487 0.094012678 -0.144174337 17.782989502
-0.143182158 0.010827813 0.989637136 66.934486389 0.094347991 0.995535433 0.002758056 -0.911518574 -0.985189021 0.093765177 -0.143564463 17.541145325
-0.142033219 0.009588488 0.989815593 68.599174500 0.095891096 0.995383322 0.004117410 -0.901171207 -0.985206485 0.095499299 -0.142296910 17.292533875
-0.141790032 0.007288100 0.989870071 70.297729492 0.097846501 0.995179057 0.006688431 -0.910488605 -0.985049248 0.097803660 -0.141819596 17.051567078
-0.140696287 0.008490202 0.990016580 71.981094360 0.099197388 0.995052218 0.005564045 -0.904319048 -0.985070944 0.098989882 -0.140842319 16.806816101
-0.140098572 0.010284235 0.990084112 73.700981140 0.101756603 0.994801044 0.004065500 -0.909305334 -0.984894872 0.101317175 -0.140416622 16.549560547
-0.139060378 0.010413976 0.990229189 75.406867981 0.100818187 0.994898021 0.003695078 -0.904350758 -0.985138595 0.100346945 -0.139400840 16.310249329
-0.139401555 0.009769784 0.990187764 77.160881042 0.101813331 0.994793236 0.004518354 -0.923215628 -0.984987974 0.101444177 -0.139670372 16.058074951
-0.139077425 0.008725949 0.990243137 78.896308899 0.101534247 0.994816899 0.005494000 -0.922838926 -0.985062659 0.101307675 -0.139242530 15.816757202
-0.139038205 0.008960681 0.990246475 80.645103455 0.103031442 0.994663060 0.005465751 -0.920963287 -0.984912634 0.102786466 -0.139219403 15.573806763
-0.139175773 0.008641027 0.990229964 82.419769287 0.103861101 0.994574189 0.005918640 -0.919402599 -0.984806061 0.103670113 -0.139318109 15.327041626
-0.139343858 0.009621394 0.990197480 84.184921265 0.104437888 0.994518697 0.005033448 -0.919220924 -0.984721482 0.104115501 -0.139584899 15.081047058
-0.139994144 0.010605358 0.990095615 85.992691040 0.103974633 0.994571686 0.004048145 -0.914402485 -0.984678149 0.103511535 -0.140336990 14.823219299
-0.141090631 0.011194197 0.989933372 87.784416199 0.103324652 0.994641602 0.003478960 -0.921690226 -0.984589934 0.102775373 -0.141491294 14.574295044
-0.142679691 0.011831798 0.989698231 89.585769653 0.102438010 0.994735241 0.002875939 -0.921310902 -0.984453678 0.101793051 -0.143140554 14.332809448
-0.143782258 0.010956509 0.989548743 91.413650513 0.101631656 0.994814992 0.003752340 -0.926992893 -0.984376848 0.101108991 -0.144150257 14.075904846
-0.144659638 0.010738506 0.989423275 93.256797791 0.101569667 0.994820178 0.004053017 -0.930459976 -0.984254658 0.101081692 -0.145001054 13.809516907
-0.145323753 0.009740525 0.989336252 95.117210388 0.098852843 0.995090842 0.004723324 -0.929513693 -0.984433413 0.098485105 -0.145573258 13.538284302
-0.146985292 0.010520407 0.989082694 96.968772888 0.098720022 0.995106876 0.004086070 -0.931812525 -0.984199941 0.098242857 -0.147304654 13.269172668
-0.149484515 0.011419111 0.988698184 98.862152100 0.097890683 0.995191693 0.003306298 -0.931393862 -0.983906448 0.097278573 -0.149883509 12.977836609
-0.153626442 0.012410626 0.988051057 100.758316040 0.098580644 0.995125055 0.002828261 -0.934164524 -0.983199239 0.097837202 -0.154100895 12.684226990
-0.158080935 0.011442952 0.987359941 102.649635315 0.096743822 0.995301485 0.003954140 -0.940111637 -0.982675552 0.096146040 -0.158445239 12.391792297
-0.163113475 0.010703309 0.986549318 104.572311401 0.095360167 0.995430470 0.004966929 -0.947340727 -0.981988072 0.094887674 -0.163388848 12.083000183
-0.167430758 0.011311679 0.985818982 106.487670898 0.094041377 0.995557904 0.004548484 -0.951990366 -0.981388450 0.093469329 -0.167750835 11.757316589
-0.172188759 0.013355283 0.984973609 108.409080505 0.094452098 0.995524824 0.003013342 -0.954895496 -0.980525434 0.093551673 -0.172679663 11.430496216
-0.176713347 0.014873493 0.984149992 110.336593628 0.094218582 0.995549798 0.001872053 -0.966860294 -0.979742467 0.093056031 -0.177328348 11.087554932
-0.181585193 0.015002652 0.983260810 112.269882202 0.093236625 0.995641887 0.002027055 -0.979685545 -0.978945255 0.092043996 -0.182192683 10.739257812
-0.186809778 0.014679644 0.982286513 114.209838867 0.091413252 0.995809913 0.002503082 -0.989368439 -0.978133917 0.090261593 -0.187368989 10.385894775
-0.192106366 0.014243837 0.981270730 116.165351868 0.089346729 0.995995939 0.003034099 -0.989886284 -0.977298498 0.088256203 -0.192609787 10.018447876
-0.197367191 0.013956705 0.980230331 118.124023438 0.088793926 0.996043146 0.003696609 -0.997806549 -0.976300120 0.087768085 -0.197825551 9.631774902
-0.203603387 0.013487413 0.978960693 120.104034424 0.088382378 0.996075749 0.004658468 -0.996026993 -0.975056171 0.087471344 -0.203996420 9.242248535
-0.208822966 0.015442169 0.977831781 122.086624146 0.089166708 0.996011198 0.003312902 -0.995003223 -0.973880231 0.087881833 -0.209366918 8.818908691
-0.214847088 0.015941620 0.976517737 124.051963806 0.088255174 0.996092916 0.003156137 -1.008976460 -0.972652078 0.086860813 -0.215414643 8.402313232
-0.220820189 0.015924530 0.975184560 126.029502869 0.088826522 0.996039689 0.003848726 -1.013129234 -0.971261203 0.087472126 -0.221360207 7.963485718
-0.226226807 0.016045742 0.973942459 128.015167236 0.088132754 0.996100485 0.004060633 -1.012771845 -0.970079362 0.086754858 -0.226758718 7.510269165
-0.231629252 0.016844751 0.972658455 129.995147705 0.087471358 0.996160626 0.003578677 -1.016566515 -0.968863726 0.085908666 -0.232213378 7.052490234
-0.236974239 0.017475046 0.971358716 131.985565186 0.086816430 0.996218979 0.003257589 -1.024986029 -0.967629135 0.085101865 -0.237595439 6.579132080
-0.241276026 0.016711451 0.970312655 133.994262695 0.087944910 0.996114194 0.004712383 -1.028489828 -0.966463447 0.086471044 -0.241808176 6.076950073
-0.245073795 0.016572591 0.969362795 136.002975464 0.090121284 0.995914161 0.005757887 -1.029428959 -0.965306699 0.088771328 -0.245566010 5.566696167
-0.248525858 0.017564246 0.968465984 138.001434326 0.091473676 0.995792806 0.005413946 -1.027165890 -0.964296341 0.089934647 -0.249086976 5.053741455
-0.251441002 0.018324509 0.967699111 139.994567871 0.092318527 0.995716274 0.005132438 -1.036493301 -0.963459730 0.090627067 -0.252055645 4.539230347
-0.254889607 0.018320514 0.966796696 142.010330200 0.091741920 0.995768607 0.005317620 -1.041049957 -0.962608397 0.090051182 -0.255491853 4.020187378
-0.259034514 0.018295420 0.965694785 144.042358398 0.089793004 0.995946765 0.005217197 -1.048580647 -0.961685181 0.088064075 -0.259627342 3.482711792
-0.263197660 0.019120399 0.964552522 146.066223145 0.089008942 0.996020436 0.004543692 -1.052743435 -0.960627139 0.087049678 -0.263852119 2.929656982
-0.267601252 0.018603910 0.963350177 148.082748413 0.087775439 0.996127009 0.005145546 -1.058907986 -0.959523380 0.085935436 -0.268197894 2.388412476
-0.272095799 0.019107534 0.962080598 150.120971680 0.088111304 0.996097386 0.005136515 -1.063521385 -0.958227873 0.086167790 -0.272717476 1.824035645
-0.276765704 0.019402802 0.960741639 152.187927246 0.087305047 0.996168911 0.005032121 -1.067924976 -0.956963301 0.085270301 -0.277399302 1.245407104
-0.281290054 0.019462878 0.959425390 154.236083984 0.086853094 0.996207297 0.005255080 -1.072256088 -0.955684245 0.084807262 -0.281913638 0.656066895
-0.285454988 0.019014535 0.958203495 156.277099609 0.086977899 0.996191323 0.006142914 -1.075458050 -0.954437196 0.085096054 -0.286021590 0.053421021
-0.289659023 0.019030161 0.956940770 158.323669434 0.087705307 0.996123672 0.006738384 -1.082369804 -0.953103125 0.085880607 -0.290205359 -0.554183960
-0.293549061 0.019624842 0.955742598 160.378601074 0.088389084 0.996063530 0.006695256 -1.087985039 -0.951848924 0.086442597 -0.294128180 -1.180969238
-0.297163844 0.020629061 0.954603612 162.436370850 0.088487990 0.996059060 0.006021002 -1.090045452 -0.950717390 0.086260185 -0.297818184 -1.812438965
-0.300730944 0.022400120 0.953446031 164.497100830 0.088757537 0.996042669 0.004594550 -1.092852116 -0.949570000 0.086007237 -0.301529050 -2.453842163
-0.304356098 0.023598576 0.952266097 166.544647217 0.089539878 0.995975435 0.003936291 -1.098993301 -0.948340774 0.086463816 -0.305244207 -3.087478638
-0.307621479 0.024179991 0.951201558 168.623657227 0.088862367 0.996038020 0.003418603 -1.104929447 -0.947350323 0.085577652 -0.308551431 -3.752975464
-0.311240435 0.024123080 0.950024903 170.701049805 0.089178786 0.996007919 0.003925445 -1.118845463 -0.946137607 0.085943833 -0.312149286 -4.423767090
-0.315109372 0.024120303 0.948748887 172.772857666 0.088759117 0.996044457 0.004156981 -1.125176907 -0.944895744 0.085520007 -0.316003799 -5.105895996
-0.318848372 0.025193267 0.947470844 174.854171753 0.091110513 0.995832026 0.004181846 -1.130226135 -0.943416417 0.087657928 -0.319814801 -5.803451538
-0.321947098 0.025246844 0.946421146 176.945281982 0.093040541 0.995649338 0.005089820 -1.137753010 -0.942175090 0.089694180 -0.322895408 -6.510177612
-0.324471951 0.024794973 0.945570469 179.023071289 0.093840525 0.995568573 0.006095269 -1.145110130 -0.941229105 0.090710558 -0.325360894 -7.221740723
-0.327436924 0.024303835 0.944560528 181.130661011 0.093508855 0.995595217 0.006798358 -1.148694992 -0.940234721 0.090550795 -0.328267336 -7.943939209
-0.330358863 0.025019949 0.943523884 183.230499268 0.092724524 0.995673358 0.006063079 -1.150206089 -0.939289868 0.089490786 -0.331249475 -8.666641235
-0.332981586 0.026918247 0.942549229 185.329299927 0.092143841 0.995737195 0.004115102 -1.158370018 -0.938420534 0.088220343 -0.334042430 -9.406158447
-0.336420655 0.028470352 0.941281438 187.449096680 0.091234386 0.995826364 0.002487674 -1.162987232 -0.937282026 0.086714134 -0.337614059 -10.149871826
-0.339665771 0.029268822 0.940090835 189.558258057 0.090233989 0.995919287 0.001595588 -1.177560329 -0.936207950 0.085370108 -0.340920687 -10.897048950
-0.343139768 0.030063413 0.938803136 191.675094604 0.088644363 0.996063232 0.000503135 -1.194059849 -0.935092151 0.083392248 -0.344453931 -11.651977539
-0.346771836 0.030517580 0.937453091 193.798187256 0.089446202 0.995991409 0.000663674 -1.203457832 -0.933674991 0.084081747 -0.348111510 -12.432586670
-0.350605726 0.029372392 0.936062515 195.933959961 0.088781305 0.996049166 0.001998673 -1.220774174 -0.932305574 0.083805598 -0.351828337 -13.217727661
-0.354243040 0.028831236 0.934708774 198.076629639 0.088617489 0.996061623 0.002861263 -1.230300426 -0.930945098 0.083845131 -0.355402827 -14.018371582
-0.358045459 0.028727856 0.933262169 200.211013794 0.088203833 0.996097386 0.003177275 -1.235939980 -0.929528713 0.083454907 -0.359182000 -14.833587646
-0.361976504 0.028908076 0.931738853 202.347595215 0.087435156 0.996165514 0.003061210 -1.247928143 -0.928077579 0.082574815 -0.363116145 -15.645095825
-0.365692854 0.029257895 0.930275619 204.474182129 0.086665571 0.996233702 0.002736044 -1.267757416 -0.926691890 0.081623413 -0.366851091 -16.471984863
-0.368838668 0.029795639 0.929015815 206.618804932 0.086383231 0.996259212 0.002343649 -1.281137943 -0.925470710 0.081115812 -0.370032668 -17.319137573
-0.371596456 0.030442990 0.927895308 208.739227295 0.087381102 0.996172249 0.002310640 -1.298861027 -0.924273193 0.081939124 -0.372834206 -18.164550781
-0.374187469 0.030179422 0.926861942 210.886276245 0.088312156 0.996087670 0.003219407 -1.311945915 -0.923138559 0.083057836 -0.375388741 -19.027252197
-0.376612902 0.029798400 0.925891340 213.018493652 0.089710169 0.995958030 0.004436852 -1.327047348 -0.922016740 0.084732845 -0.377763867 -19.891601562
-0.379153848 0.030286174 0.924837828 215.166870117 0.090765074 0.995861709 0.004598740 -1.339035511 -0.920871317 0.085686609 -0.380333781 -20.773773193
-0.381726980 0.031166371 0.923749506 217.315093994 0.090635762 0.995876670 0.003854136 -1.349232674 -0.919820428 0.085195974 -0.382977843 -21.659149170
-0.384195447 0.031417038 0.922717273 219.461380005 0.090236567 0.995913625 0.003662877 -1.363504410 -0.918831646 0.084670089 -0.385460377 -22.550201416
-0.387188315 0.032463554 0.921428919 221.620330811 0.089858770 0.995950937 0.002669944 -1.381809711 -0.917611361 0.083832242 -0.388537765 -23.447143555
-0.390107274 0.033771440 0.920149863 223.767211914 0.089807279 0.995958030 0.001520986 -1.394079685 -0.916379273 0.083229505 -0.391563416 -24.350708008
-0.392597437 0.033645980 0.919094801 225.906738281 0.087557763 0.996159017 0.000933750 -1.415884972 -0.915533125 0.080840468 -0.394035459 -25.258666992
-0.395507812 0.034562383 0.917812109 228.031097412 0.088336319 0.996090531 0.000556153 -1.435810089 -0.914204717 0.081296101 -0.397014737 -26.173706055
-0.397973895 0.034242135 0.916757643 230.180511475 0.089854836 0.995953262 0.001806697 -1.457902908 -0.912985861 0.083094113 -0.399440289 -27.103363037
-0.400936246 0.033280950 0.915501177 232.330810547 0.090365700 0.995902956 0.003371151 -1.478589535 -0.911638141 0.084081523 -0.402301073 -28.032745361
-0.403941154 0.032742329 0.914198816 234.444488525 0.089201890 0.996006548 0.003741794 -1.490636826 -0.910425484 0.083059728 -0.405248642 -28.961425781
-0.406714082 0.033187687 0.912952542 236.569915771 0.088035330 0.996112823 0.003008397 -1.503450871 -0.909303844 0.081595637 -0.408054709 -29.897583008
-0.410353422 0.032464989 0.911348522 238.697891235 0.086412579 0.996253550 0.003419478 -1.516374111 -0.907823205 0.080155164 -0.411621451 -30.844635010
-0.413876534 0.031761091 0.909778953 240.823242188 0.085519560 0.996327937 0.004121959 -1.535307884 -0.906307280 0.079509869 -0.415073037 -31.798736572
-0.417327762 0.031923126 0.908195138 242.948730469 0.085040867 0.996369243 0.004054966 -1.554623127 -0.904768229 0.078925952 -0.418527365 -32.766265869
-0.421049237 0.031569570 0.906488180 245.067626953 0.084471419 0.996415615 0.004534219 -1.567457676 -0.903095841 0.078481473 -0.422206759 -33.744293213
-0.424908996 0.031221589 0.904697597 247.204483032 0.083768137 0.996472955 0.004954537 -1.581849575 -0.901351988 0.077890053 -0.426025629 -34.732452393
-0.428991318 0.031099442 0.902773201 249.309539795 0.082772948 0.996555865 0.005002957 -1.591374874 -0.899508357 0.076871417 -0.430088043 -35.714721680
-0.432621956 0.031950820 0.901009202 251.424575806 0.083147019 0.996526718 0.004585269 -1.605969429 -0.897733271 0.076899916 -0.433775902 -36.718444824
-0.436178207 0.032455765 0.899275005 253.528564453 0.083476603 0.996499479 0.004524209 -1.622445107 -0.895980239 0.077041775 -0.437360644 -37.719635010
-0.440027952 0.032337070 0.897401810 255.628265381 0.083267346 0.996515095 0.004920393 -1.633663654 -0.894115329 0.076889366 -0.441187143 -38.724639893
-0.443616867 0.032691941 0.895620167 257.729980469 0.082167752 0.996609151 0.004320920 -1.644562721 -0.892441988 0.075507924 -0.444798827 -39.749969482
-0.447277427 0.033112876 0.893782079 259.838897705 0.082678653 0.996566296 0.004454242 -1.654241562 -0.890565634 0.075888984 -0.448479295 -40.794769287
-0.450775862 0.033423979 0.892011404 261.928833008 0.083128616 0.996527910 0.004668582 -1.669841766 -0.888758242 0.076256149 -0.451989174 -41.845397949
-0.454238653 0.034749791 0.890202165 264.024047852 0.084497936 0.996414721 0.004220404 -1.674532413 -0.886863887 0.077137314 -0.455546379 -42.901733398
-0.457522511 0.036877286 0.888433039 266.111389160 0.086858854 0.996214926 0.003379177 -1.691603184 -0.884945631 0.078714319 -0.458993793 -43.971099854
-0.460388660 0.037567951 0.886922300 268.212310791 0.087891869 0.996124089 0.003429909 -1.704827309 -0.883355796 0.079532340 -0.461906195 -45.050140381
-0.463236213 0.039877914 0.885337293 270.317443848 0.089981891 0.995940924 0.002221545 -1.716427326 -0.881655037 0.080693416 -0.464944243 -46.140563965
-0.465782166 0.042406715 0.883882761 272.429504395 0.091793142 0.995777905 0.000597288 -1.730575085 -0.880125582 0.081412576 -0.467708230 -47.241058350
-0.468570828 0.043045737 0.882376611 274.536712646 0.092900150 0.995675147 0.000760131 -1.744822025 -0.878527761 0.082329102 -0.470543265 -48.353942871
-0.471908212 0.044176169 0.880540252 276.666625977 0.093109258 0.995655894 -0.000051380 -1.755077362 -0.876717389 0.081962205 -0.473971367 -49.477355957
-0.475347519 0.044016208 0.878696620 278.796020508 0.092116408 0.995748222 -0.000047547 -1.765462875 -0.874962687 0.080919765 -0.477380991 -50.617553711
-0.478595495 0.045366775 0.876862764 280.908538818 0.093269922 0.995640695 -0.000604941 -1.777029037 -0.873067677 0.081495397 -0.480740428 -51.767395020
-0.481902361 0.045477111 0.875044048 283.044342041 0.092429198 0.995718896 -0.000846322 -1.796529770 -0.871336341 0.080471769 -0.484042645 -52.927856445
-0.484716892 0.045303576 0.873497128 285.185455322 0.090590723 0.995887220 -0.001381121 -1.805904865 -0.869967222 0.078461282 -0.486827374 -54.110046387
-0.487320781 0.046086904 0.872006059 287.317382812 0.092405125 0.995720983 -0.000984816 -1.824648380 -0.868320167 0.080097914 -0.489494205 -55.286895752
-0.489484191 0.045951411 0.870800614 289.460693359 0.094001561 0.995572031 0.000303558 -1.844897270 -0.866930783 0.082005203 -0.491636276 -56.480987549
-0.491754413 0.046106283 0.869512677 291.607543945 0.094657682 0.995509624 0.000746466 -1.848872662 -0.865573764 0.082673125 -0.493910551 -57.688964844
-0.493613005 0.045442175 0.868493855 293.760437012 0.094190255 0.995553195 0.001443210 -1.863708496 -0.864566267 0.082516037 -0.495698214 -58.901580811
-0.495756745 0.045104321 0.867289424 295.908843994 0.094086736 0.995561957 0.002006229 -1.868362904 -0.863349915 0.082595035 -0.497800350 -60.124267578
-0.498349547 0.045382231 0.865787685 298.072265625 0.095670566 0.995408833 0.002891586 -1.877138615 -0.861681521 0.084271416 -0.500403285 -61.355621338
-0.500806332 0.044949312 0.864391387 300.264770508 0.095268995 0.995445669 0.003432147 -1.877238750 -0.860300362 0.084068544 -0.502807736 -62.613891602
-0.502696991 0.045622576 0.863258064 302.422241211 0.094995387 0.995474041 0.002708110 -1.892964840 -0.859227479 0.083366893 -0.504755735 -63.859771729
-0.505111337 0.048264209 0.861703813 304.615905762 0.094641238 0.995511413 -0.000282261 -1.896530151 -0.857849598 0.081410125 -0.507411957 -65.141357422
-0.508380175 0.047573235 0.859817564 306.795471191 0.093197837 0.995647609 0.000016007 -1.913771152 -0.856074572 0.080141284 -0.510601282 -66.417236328
-0.512721777 0.045890611 0.857327461 308.993408203 0.091260783 0.995826185 0.001274104 -1.929494381 -0.853690684 0.078893639 -0.514769793 -67.717559814
-0.517732024 0.043396417 0.854441404 311.207794189 0.088769525 0.996047080 0.003199702 -1.936087608 -0.850925028 0.077504948 -0.519537807 -69.032318115
-0.522288203 0.041960396 0.851736128 313.408203125 0.087438084 0.996159613 0.004542050 -1.939995289 -0.848274529 0.076846428 -0.523951411 -70.363739014
-0.526783824 0.042183496 0.848952055 315.638427734 0.088146441 0.996093929 0.005200980 -1.947656631 -0.845416605 0.077571884 -0.528444529 -71.729003906
-0.531188965 0.043684397 0.846126497 317.857299805 0.090540841 0.995877981 0.005424683 -1.945262432 -0.842401743 0.079490528 -0.532954693 -73.098022461
-0.534659982 0.044770546 0.843880534 320.066345215 0.091785185 0.995764613 0.005324139 -1.944730759 -0.840067983 0.080302335 -0.536504745 -74.493469238
-0.538536549 0.044922572 0.841403723 322.281616211 0.092790477 0.995666146 0.006231470 -1.951121807 -0.837477267 0.081430130 -0.540371060 -75.886413574
-0.542416811 0.043430004 0.838986158 324.504669189 0.092854857 0.995643437 0.008492677 -1.954965591 -0.834962249 0.082510509 -0.544086456 -77.310638428
-0.546212673 0.041806512 0.836602569 326.724365234 0.091556691 0.995749474 0.010017445 -1.959219456 -0.832627773 0.082068220 -0.547718763 -78.746582031
-0.550197363 0.041450050 0.834005237 328.935974121 0.090708561 0.995823741 0.010348458 -1.957557678 -0.830093265 0.081345111 -0.551659465 -80.181671143
-0.554322481 0.041280761 0.831277788 331.134887695 0.090953648 0.995792150 0.011200326 -1.961126328 -0.827317536 0.081816331 -0.555744648 -81.629211426
-0.558178067 0.041532792 0.828681052 333.333129883 0.091695793 0.995716453 0.011859433 -1.946958065 -0.824638844 0.082606241 -0.559595466 -83.089752197
-0.562425733 0.040987380 0.825831354 335.528717041 0.092402019 0.995630085 0.013514868 -1.942902088 -0.821668565 0.083909586 -0.563755274 -84.566070557
-0.566172242 0.039992094 0.823316455 337.735931396 0.090904087 0.995759189 0.014143843 -1.932340145 -0.819259286 0.082850672 -0.567406654 -86.052947998
-0.569427133 0.039167263 0.821108282 339.932891846 0.090739302 0.995755136 0.015428420 -1.918378830 -0.817018569 0.083292156 -0.570564032 -87.564270020
-0.572001576 0.038513388 0.819348037 342.113525391 0.091341026 0.995675147 0.016965168 -1.904907227 -0.815151095 0.084544182 -0.573045611 -89.081024170
-0.574874401 0.037762888 0.817369998 344.312500000 0.089033537 0.995890141 0.016608639 -1.890444756 -0.813383520 0.082321212 -0.575873852 -90.617004395
-0.578124046 0.036903538 0.815114141 346.494140625 0.085250989 0.996241093 0.015360815 -1.868104935 -0.811483324 0.078369729 -0.579097033 -92.134582520
-0.581829071 0.036543678 0.812490106 348.648193359 0.082177415 0.996519029 0.014026891 -1.848971367 -0.809149206 0.074929573 -0.582806706 -93.623352051
-0.584268570 0.033742081 0.810858786 350.835388184 0.079596475 0.996700704 0.015878167 -1.832416058 -0.807647765 0.073818609 -0.585026622 -95.200439453
-0.587590218 0.032946702 0.808487713 353.002136230 0.080198929 0.996622205 0.017673349 -1.816304207 -0.805174530 0.075224534 -0.588247657 -96.754913330
-0.590519786 0.033090573 0.806344390 355.158264160 0.079455167 0.996688545 0.017286487 -1.794574738 -0.803102195 0.074276246 -0.591193557 -98.316009521
-0.594051600 0.032027446 0.803789079 357.320434570 0.077428713 0.996844232 0.017504936 -1.771062851 -0.800691843 0.072635189 -0.594656706 -99.872985840
-0.597598672 0.028450606 0.801290691 359.490783691 0.075375088 0.996937931 0.020817103 -1.753086090 -0.798244834 0.072837621 -0.597913265 -101.446594238
-0.600784063 0.025970524 0.798989475 361.612182617 0.073094547 0.997069955 0.022552993 -1.731366158 -0.796062708 0.071951255 -0.600921988 -103.013397217
-0.604097605 0.024876075 0.796522141 363.773376465 0.071337596 0.997187912 0.022960739 -1.693881035 -0.793711066 0.070692495 -0.604173422 -104.604156494
-0.606610775 0.025389124 0.794593334 365.909759521 0.071563341 0.997176111 0.022770984 -1.666417122 -0.791771352 0.070676886 -0.606714725 -106.228179932
-0.609479189 0.024601147 0.792420208 368.054016113 0.070952229 0.997200191 0.023613289 -1.634721756 -0.789620638 0.070615791 -0.609518290 -107.836639404
-0.612128735 0.023693413 0.790403247 370.166137695 0.070722573 0.997185707 0.024879172 -1.614789963 -0.787589371 0.071128599 -0.612081766 -109.446166992
-0.614934802 0.022345744 0.788261235 372.293151855 0.067475200 0.997423470 0.024363345 -1.581516266 -0.785685837 0.068169951 -0.614858150 -111.080596924
-0.617771626 0.018605242 0.786137700 374.419250488 0.057380900 0.998121500 0.021469507 -1.554182053 -0.784261465 0.058372531 -0.617678642 -112.716400146
-0.621640801 0.020942533 0.783022702 376.586212158 0.049646869 0.998686016 0.012703965 -1.536691666 -0.781727791 0.046771917 -0.621863723 -114.368255615
-0.624140739 0.031503446 0.780676782 378.573059082 0.060279034 0.998150229 0.007912905 -1.542408466 -0.778983414 0.051997200 -0.624885201 -115.954254150
-0.624824286 0.032784812 0.780076861 380.673583984 0.067778938 0.997623801 0.012361620 -1.538959980 -0.777817965 0.060596619 -0.625561595 -117.627990723
-0.626680255 0.023620548 0.778918564 382.785034180 0.066812508 0.997488618 0.023505472 -1.517475128 -0.776407242 0.066771910 -0.626684666 -119.316497803
-0.630103827 0.012797859 0.776405513 384.858612061 0.060617145 0.997623682 0.032750461 -1.469893456 -0.774141371 0.067699671 -0.629382253 -120.953674316
-0.633258343 0.006473948 0.773913682 386.957092285 0.054532200 0.997852921 0.036273960 -1.408525467 -0.772017181 0.065173991 -0.632251620 -122.631103516
-0.636040211 0.006553399 0.771628022 389.006622314 0.053939875 0.997895539 0.035986677 -1.349359512 -0.769768298 0.064510494 -0.635055184 -124.274841309
-0.638852000 0.011796350 0.769239306 391.077239990 0.059318788 0.997661114 0.033964936 -1.297218323 -0.767039478 0.067328908 -0.638057590 -125.963195801
-0.640776992 0.018559691 0.767503023 393.135559082 0.064320378 0.997490823 0.029578889 -1.244970322 -0.765028298 0.068319544 -0.640362978 -127.667022705
-0.643511295 0.021072960 0.765146494 395.165496826 0.064889140 0.997524381 0.027100829 -1.201086998 -0.762681186 0.067089386 -0.643285632 -129.347656250
-0.646773338 0.021225769 0.762387037 397.244354248 0.064600974 0.997545004 0.027031571 -1.154526711 -0.759941578 0.066734232 -0.646556616 -131.078094482
-0.649245143 0.021078246 0.760287166 399.212707520 0.066245474 0.997384191 0.028918594 -1.112636566 -0.757688880 0.069140837 -0.648943186 -132.755371094
-0.651784539 0.020774586 0.758119762 401.258728027 0.066794343 0.997312725 0.030096503 -1.054174423 -0.755457282 0.070254542 -0.651420712 -134.490905762
-0.653673172 0.020583482 0.756497025 403.259796143 0.067073114 0.997271895 0.030821748 -1.016713142 -0.753798842 0.070887960 -0.653270483 -136.168334961
-0.655150175 0.020488949 0.755221009 405.301818848 0.067275502 0.997243166 0.031306177 -0.966559410 -0.752497554 0.071318105 -0.654722452 -137.917785645
-0.656174302 0.021417614 0.754305482 407.281494141 0.068388790 0.997171462 0.031178260 -0.918884277 -0.751504123 0.072044410 -0.655783057 -139.636901855
-0.657505512 0.020735506 0.753164470 409.315856934 0.069456033 0.997032881 0.033184964 -0.862433434 -0.750241637 0.074131101 -0.656994820 -141.396667480
-0.658472180 0.020030335 0.752338529 411.251647949 0.070997313 0.996841073 0.035599262 -0.807322502 -0.749248862 0.076855130 -0.657814264 -143.064086914
-0.659697771 0.019943062 0.751266479 413.277648926 0.072776347 0.996644974 0.037449080 -0.741140366 -0.747999072 0.079379499 -0.658935785 -144.824645996
-0.660997272 0.019884592 0.750124633 415.233154297 0.071281597 0.996792257 0.036388807 -0.675808907 -0.746994853 0.077522993 -0.660294414 -146.533203125
-0.662435412 0.019975862 0.748852909 417.217651367 0.067250587 0.997193873 0.032889448 -0.612731934 -0.746094525 0.072147921 -0.661919951 -148.264831543
-0.663948894 0.019349698 0.747527480 419.211914062 0.064233020 0.997446060 0.031232521 -0.555088997 -0.745014012 0.068752751 -0.663496137 -150.006469727
-0.665037870 0.018490965 0.746580720 421.172973633 0.063728712 0.997452021 0.032063719 -0.506314278 -0.744085550 0.068902217 -0.664521694 -151.735534668
-0.665688634 0.017327752 0.746028662 423.163970947 0.061590981 0.997595191 0.031787418 -0.450640678 -0.743683755 0.067109145 -0.665154934 -153.501586914
-0.667022943 0.016117610 0.744862854 425.126770020 0.058636770 0.997800469 0.030918324 -0.402426720 -0.742726207 0.064299583 -0.666500926 -155.226867676
-0.667466283 0.015674705 0.744475365 427.116607666 0.057955973 0.997839212 0.030951742 -0.347126961 -0.742381573 0.063806027 -0.666932464 -157.002563477
-0.668303132 0.014158396 0.743754447 429.072570801 0.058470424 0.997725368 0.033545714 -0.302497864 -0.741587698 0.065906338 -0.667610884 -158.738830566
-0.668214798 0.013448239 0.743846893 431.054168701 0.061563164 0.997407079 0.037271179 -0.239267349 -0.741416872 0.070698716 -0.667310119 -160.511474609
-0.667321324 0.012364342 0.744667292 432.979797363 0.066056266 0.996904314 0.042642791 -0.169904709 -0.741834760 0.077646382 -0.666072249 -162.234680176
-0.666007638 0.011572977 0.745855212 434.958435059 0.069475912 0.996495724 0.046576146 -0.082256317 -0.742702544 0.082839034 -0.664477825 -163.994262695
-0.664652824 0.008829788 0.747100294 436.919158936 0.063429207 0.996987164 0.044646222 0.005550385 -0.744455218 0.077062204 -0.663210392 -165.717468262
-0.664660215 0.007651571 0.747106612 438.917724609 0.055324044 0.997706473 0.039000686 0.087188721 -0.745094657 0.067255162 -0.663559079 -167.423950195
-0.662596345 0.005883562 0.748953581 440.865875244 0.051317759 0.997975767 0.037560821 0.155311584 -0.747216523 0.063322283 -0.661557078 -169.157592773
-0.660351276 0.006025415 0.750932753 442.843292236 0.050047509 0.998097718 0.036001865 0.218917847 -0.749287367 0.061356191 -0.659396648 -170.873962402
-0.657624125 0.006590697 0.753317356 444.821441650 0.051908981 0.997981489 0.036583792 0.282691956 -0.751555681 0.063162327 -0.656638861 -172.591491699
-0.654941082 0.006681338 0.755650520 446.794586182 0.052622203 0.997936726 0.036785375 0.352445602 -0.753845692 0.063856244 -0.653941393 -174.294128418
-0.652261376 0.007819422 0.757953942 448.787902832 0.050784539 0.998150766 0.033405490 0.416830063 -0.756291151 0.060281448 -0.651452303 -176.003967285
-0.650932074 0.002649614 0.759131312 450.790100098 0.043553449 0.998477101 0.033860758 0.473587036 -0.757885516 0.055103838 -0.650056243 -177.698303223
-0.650122285 -0.003584365 0.759821296 452.803649902 0.034993879 0.998786569 0.034653291 0.533033371 -0.759023488 0.049117967 -0.649207950 -179.391052246
-0.649796128 -0.007339586 0.760073066 454.813293457 0.027648374 0.999063432 0.033284325 0.584123611 -0.759605467 0.042642813 -0.648984671 -181.069580078
-0.649377584 -0.007897812 0.760425210 456.838928223 0.025914246 0.999135494 0.032506965 0.638774872 -0.760024607 0.040815137 -0.648611546 -182.752868652
-0.648184299 -0.007469052 0.761447191 458.760070801 0.028397694 0.999019206 0.033973020 0.694367409 -0.760954142 0.043644112 -0.647336483 -184.401489258
-0.646981835 -0.008263866 0.762460589 460.758056641 0.030472534 0.998862207 0.036683388 0.754781723 -0.761896253 0.046967596 -0.645993829 -186.082763672
-0.645699859 -0.010544976 0.763518691 462.740417480 0.028545486 0.998872340 0.037936069 0.826900482 -0.763057768 0.046290316 -0.644670725 -187.736145020
-0.644905329 -0.010711771 0.764187396 464.735626221 0.026541129 0.998984754 0.036401298 0.891889572 -0.763801455 0.043757785 -0.643966317 -189.390930176
-0.644117236 -0.009870511 0.764863133 466.731811523 0.025312815 0.999094069 0.034210030 0.955162048 -0.764507890 0.041396108 -0.643283844 -191.041931152
-0.643086314 -0.008294475 0.765748858 468.733459473 0.026405539 0.999106526 0.032997906 1.010128021 -0.765338361 0.041440509 -0.642292738 -192.709533691
-0.642031908 -0.007920966 0.766637027 470.720031738 0.028454388 0.999011517 0.034151442 1.061950684 -0.766149759 0.043740503 -0.641171932 -194.358032227
