1.000000000 0.000000000 0.000000000 0.000000000 0.000000000 1.000000000 0.000000000 0.000000000 0.000000000 0.000000000 1.000000000 0.000000000
0.999977469 0.000268340 -0.006710410 -0.014752516 -0.000264462 0.999999821 0.000578839 -0.035740573 0.006710564 -0.000577052 0.999977291 2.422286034
0.999917805 0.001705322 -0.012706305 -0.047170214 -0.001666072 0.999993801 0.003098921 -0.071323484 0.012711511 -0.003077497 0.999914467 4.846124649
0.999824166 0.002580426 -0.018573381 -0.091271505 -0.002487615 0.999984324 0.005018398 -0.105582394 0.018586040 -0.004971312 0.999814928 7.270822048
0.999708056 0.002573497 -0.024025567 -0.150831655 -0.002463531 0.999986351 0.004605503 -0.130219892 0.024037091 -0.004544971 0.999700725 9.679767609
0.999568582 0.002343510 -0.029277574 -0.220703751 -0.002236965 0.999990761 0.003671354 -0.164718077 0.029285906 -0.003604278 0.999564588 12.093009949
0.999413073 0.001738601 -0.034211572 -0.312526464 -0.001649002 0.999995112 0.002647014 -0.200600892 0.034216009 -0.002589045 0.999411106 14.510657310
0.999224782 0.001855651 -0.039323661 -0.409208238 -0.001771063 0.999996066 0.002185815 -0.236273617 0.039327562 -0.002114476 0.999224126 16.933601379
0.999001324 0.002736118 -0.044596270 -0.518508971 -0.002658239 0.999994814 0.001805525 -0.267267644 0.044600978 -0.001685174 0.999003470 19.364398956
0.998761773 0.005211955 -0.049475301 -0.644940615 -0.005164311 0.999986053 0.001090768 -0.313156813 0.049480297 -0.000833911 0.998774767 21.769659042
0.998481750 0.006848356 -0.054655705 -0.785767257 -0.006877469 0.999976277 -0.000344596 -0.355619580 0.054652050 0.000719966 0.998505175 24.199361801
0.998169184 0.008412187 -0.059895888 -0.921344340 -0.008458872 0.999964058 -0.000525918 -0.401918888 0.059889313 0.001031606 0.998204470 26.613859177
0.997824490 0.009483694 -0.065240636 -1.077267289 -0.009455092 0.999954998 0.000747158 -0.451055706 0.065244786 -0.000128677 0.997869253 28.964488983
0.997463226 0.010383399 -0.070422582 -1.254305482 -0.010223553 0.999944270 0.002629873 -0.497262239 0.070445962 -0.001903233 0.997513771 31.327068329
0.997066975 0.009561619 -0.075934149 -1.426231742 -0.009289808 0.999949098 0.003931978 -0.535256445 0.075967886 -0.003215032 0.997105062 33.718425751
0.996668458 0.007717588 -0.081193648 -1.617675900 -0.007384719 0.999963045 0.004399187 -0.569612980 0.081224598 -0.003784939 0.996688664 36.072937012
0.996222675 0.006116217 -0.086619511 -1.826886058 -0.005673178 0.999969542 0.005360020 -0.608485043 0.086649656 -0.004848365 0.996227026 38.412033081
0.995741010 0.004873404 -0.092065543 -2.045857906 -0.004289231 0.999969423 0.006541979 -0.639208376 0.092094608 -0.006119227 0.995731473 40.754550934
0.995251894 0.003729539 -0.097261198 -2.280434132 -0.003149247 0.999976337 0.006119158 -0.668823123 0.097281717 -0.005783804 0.995240092 43.075344086
0.994718134 0.003701003 -0.102577575 -2.528491020 -0.003284208 0.999985635 0.004231809 -0.705132604 0.102591760 -0.003872571 0.994715989 45.409152985
0.994201899 0.004207572 -0.107446961 -2.783671856 -0.003937006 0.999988496 0.002730138 -0.746400774 0.107457213 -0.002291289 0.994207084 47.754528046
0.993670821 0.005719344 -0.112185419 -3.058077335 -0.005525514 0.999982655 0.002038619 -0.785258830 0.112195134 -0.001405834 0.993685186 50.097637177
0.993198156 0.006669959 -0.116245054 -3.340045452 -0.006379373 0.999975502 0.002871639 -0.827056527 0.116261363 -0.002110536 0.993216395 52.435180664
0.992719769 0.007632438 -0.120204814 -3.624013662 -0.007162205 0.999964893 0.004343479 -0.865542948 0.120233744 -0.003450926 0.992739618 54.748043060
0.992295742 0.008255708 -0.123616219 -3.920714855 -0.007617631 0.999955118 0.005633517 -0.901346684 0.123657174 -0.004648452 0.992314100 57.091167450
0.991843343 0.007671687 -0.127231821 -4.223982334 -0.007138759 0.999963760 0.004644106 -0.938537538 0.127262831 -0.003697949 0.991862118 59.430332184
0.991358340 0.007149000 -0.130986825 -4.535154819 -0.006661497 0.999969184 0.004159569 -0.974982977 0.131012514 -0.003251055 0.991375387 61.745521545
0.990868211 0.005495757 -0.134721935 -4.842859268 -0.004912799 0.999977052 0.004659192 -1.009497285 0.134744450 -0.003954784 0.990872502 64.018264771
0.990370274 0.003734849 -0.138393551 -5.172954082 -0.002968010 0.999979079 0.005746958 -1.045140862 0.138412118 -0.005280863 0.990360618 66.312141418
0.989820540 0.001991655 -0.142307326 -5.502941608 -0.001176401 0.999982417 0.005812731 -1.078535318 0.142316401 -0.005586150 0.989805460 68.608474731
0.989261091 0.000828642 -0.146156937 -5.843281746 -0.000267444 0.999992490 0.003859304 -1.114201069 0.146159038 -0.003778770 0.989253879 70.900596619
0.988766730 0.000733891 -0.149465129 -6.199972153 -0.000255247 0.999994755 0.003221537 -1.157427311 0.149466708 -0.003147198 0.988761723 73.180099487
0.988168359 -0.000067231 -0.153373107 -6.549654484 0.000664883 0.999992371 0.003845433 -1.190260649 0.153371677 -0.003901911 0.988160849 75.465034485
0.987627387 0.000061972 -0.156818837 -6.922606468 0.000771844 0.999985874 0.005256159 -1.224560022 0.156816944 -0.005312166 0.987613380 77.738403320
0.987078369 -0.000781898 -0.160236210 -7.299146175 0.001803831 0.999978960 0.006232303 -1.257717371 0.160227969 -0.006440810 0.987058997 80.024108887
0.986573040 -0.002030632 -0.163308159 -7.685697079 0.003018730 0.999978602 0.005802580 -1.297379851 0.163292885 -0.006217652 0.986558020 82.305946350
0.986111820 -0.002167882 -0.166068688 -8.079834938 0.002887542 0.999987483 0.004092190 -1.331588030 0.166057736 -0.004514887 0.986105680 84.567855835
0.985708356 -0.002586429 -0.168441102 -8.479244232 0.002795665 0.999995589 0.001005058 -1.371958017 0.168437764 -0.001461599 0.985711217 86.814292908
0.985315025 -0.003337582 -0.170713812 -8.876118660 0.003536847 0.999993384 0.000863134 -1.414340615 0.170709789 -0.001454248 0.985320270 89.072174072
0.984871566 -0.005860012 -0.173186734 -9.276657104 0.006522040 0.999973416 0.003253802 -1.449405789 0.173163071 -0.004334108 0.984883606 91.343444824
0.984347165 -0.009951716 -0.175959051 -9.686473846 0.010817020 0.999933660 0.003959146 -1.485996008 0.175907984 -0.005800528 0.984389544 93.578422546
0.983779490 -0.013809546 -0.178849697 -10.104391098 0.014349039 0.999895573 0.001723155 -1.519211411 0.178807229 -0.004261525 0.983874917 95.836547852
0.983287752 -0.015064802 -0.181433946 -10.524047852 0.015033375 0.999885798 -0.001548490 -1.564798951 0.181436554 -0.001204953 0.983401895 98.055862427
0.982930839 -0.012835099 -0.183527082 -10.949542046 0.012604085 0.999917626 -0.002425247 -1.613003373 0.183543086 0.000070659 0.983011663 100.283302307
0.982658982 -0.007668183 -0.185263395 -11.385586739 0.007501940 0.999970555 -0.001598313 -1.665681124 0.185270190 0.000180762 0.982687593 102.509376526
0.982447386 -0.002533638 -0.186522797 -11.825410843 0.002440669 0.999996781 -0.000728065 -1.716251135 0.186524034 0.000260045 0.982450366 104.710014343
0.982140183 0.001877944 -0.188141391 -12.270659447 -0.001805295 0.999998212 0.000557496 -1.762257218 0.188142106 -0.000207888 0.982141793 106.932113647
0.981791675 0.004334040 -0.189911455 -12.719107628 -0.004149452 0.999990463 0.001369592 -1.797544003 0.189915583 -0.000556625 0.981800258 109.149215698
0.981425166 0.004783873 -0.191785708 -13.145892143 -0.004590752 0.999988437 0.001451294 -1.848604321 0.191790432 -0.000543896 0.981435776 111.332145691
0.981069565 0.003567952 -0.193622813 -13.589224815 -0.003144131 0.999991953 0.002496151 -1.886553526 0.193630159 -0.001840123 0.981072843 113.539146423
0.980747759 0.000596003 -0.195278019 -14.036080360 0.000175373 0.999992251 0.003932828 -1.925581813 0.195278853 -0.003891358 0.980740070 115.736549377
0.980463505 -0.002420973 -0.196686253 -14.485470772 0.003379032 0.999984026 0.004535563 -1.959602833 0.196672127 -0.005111563 0.980455995 117.916885376
0.980193079 -0.005238959 -0.197974980 -14.938231468 0.005953266 0.999977767 0.003013043 -1.992136955 0.197954774 -0.004131962 0.980202436 120.108039856
0.980059683 -0.007296628 -0.198569447 -15.389580727 0.007733734 0.999969065 0.001425789 -2.027304411 0.198552907 -0.002933042 0.980085790 122.284248352
0.980056643 -0.009119017 -0.198508903 -15.844460487 0.009393097 0.999955773 0.000439041 -2.069415569 0.198496118 -0.002294899 0.980098963 124.487663269
0.980091035 -0.010827382 -0.198253229 -16.297302246 0.011189422 0.999937177 0.000705917 -2.111836672 0.198233128 -0.002910202 0.980150580 126.688110352
0.980192423 -0.012912704 -0.197626010 -16.752414703 0.013663314 0.999903679 0.002434992 -2.153459072 0.197575524 -0.005086987 0.980274439 128.893798828
0.980350435 -0.015634023 -0.196643189 -17.201654434 0.016804464 0.999849617 0.004284875 -2.185860634 0.196546629 -0.007505163 0.980465770 131.088211060
0.980580509 -0.019860631 -0.195108816 -17.643692017 0.021241181 0.999761939 0.004985857 -2.218351841 0.194963351 -0.009033375 0.980768919 133.263946533
0.980887234 -0.023957102 -0.193096623 -18.080097198 0.025434680 0.999663115 0.005176288 -2.252761841 0.192907557 -0.009988705 0.981166065 135.440200806
0.981329739 -0.027832070 -0.190308601 -18.514711380 0.029180542 0.999564946 0.004286570 -2.283791065 0.190106496 -0.009759845 0.981714964 137.599716187
0.981873512 -0.031058755 -0.186975271 -18.945341110 0.032142684 0.999479473 0.002767550 -2.318261385 0.186791986 -0.008727271 0.982360721 139.776596069
0.982459247 -0.033601355 -0.183425188 -19.363822937 0.034445655 0.999405563 0.001417868 -2.352398396 0.183268517 -0.007711198 0.983032644 141.968627930
0.983060479 -0.034956731 -0.179916918 -19.774524689 0.035681389 0.999362886 0.000792061 -2.390952349 0.179774612 -0.007198329 0.983681500 144.125686646
0.983578861 -0.035991371 -0.176853880 -20.174123764 0.036517929 0.999332964 -0.000277619 -2.427349329 0.176745906 -0.006185278 0.984237075 146.269897461
0.983905971 -0.038101166 -0.174577609 -20.571487427 0.038262978 0.999264717 -0.002440037 -2.471063852 0.174542218 -0.004279093 0.984640419 148.444976807
0.984106719 -0.039441261 -0.173142686 -20.965272903 0.039445437 0.999215901 -0.003418087 -2.521459579 0.173141733 -0.003465926 0.984890819 150.602401733
0.984327078 -0.040584173 -0.171619192 -21.351335526 0.040763475 0.999165773 -0.002480624 -2.572391987 0.171576679 -0.004554049 0.985160232 152.771545410
0.984515071 -0.041728556 -0.170261100 -21.739189148 0.042345438 0.999103010 -0.000008266 -2.620284796 0.170108721 -0.007201643 0.985399008 154.920852661
0.984616756 -0.043968048 -0.169105425 -22.110893250 0.044927701 0.998988509 0.001850865 -2.659744978 0.168853000 -0.009419911 0.985596240 157.078826904
0.984616339 -0.047190063 -0.168237284 -22.483449936 0.048291501 0.998830259 0.002459250 -2.693269253 0.167924434 -0.010545849 0.985743463 159.224899292
0.984600723 -0.050491735 -0.167367846 -22.851354599 0.051652763 0.998661757 0.002588230 -2.731247425 0.167013183 -0.011193384 0.985891104 161.362625122
0.984706581 -0.052098326 -0.166248843 -23.228118896 0.053351223 0.998571098 0.003076221 -2.759990454 0.165851027 -0.011898754 0.986079037 163.523986816
0.984874308 -0.052916344 -0.164992258 -23.590776443 0.054108296 0.998531342 0.002734935 -2.800342321 0.164605230 -0.011621017 0.986291051 165.656570435
0.985139847 -0.053199392 -0.163307220 -23.959415436 0.054154485 0.998531580 0.001399020 -2.834682465 0.162992999 -0.010222049 0.986574292 167.803726196
0.985450625 -0.053033929 -0.161475986 -24.315626144 0.053633060 0.998560488 -0.000649355 -2.879354239 0.161277980 -0.008020543 0.986876428 169.927627563
0.985864699 -0.051956516 -0.159283757 -24.672483444 0.052185722 0.998633623 -0.002746446 -2.921634674 0.159208819 -0.005604714 0.987229049 172.074035645
0.986376286 -0.050106123 -0.156688213 -25.025293350 0.050166856 0.998734474 -0.003569605 -2.970432758 0.156668782 -0.004339582 0.987641692 174.217605591
0.986846447 -0.048368096 -0.154255137 -25.377357483 0.048435997 0.998820782 -0.003320270 -3.017871380 0.154233843 -0.004194905 0.988025486 176.358291626
0.987295091 -0.047378656 -0.151669770 -25.729743958 0.047530897 0.998866320 -0.002623615 -3.055599451 0.151622131 -0.004618718 0.988427758 178.503952026
0.987641692 -0.047148902 -0.149468690 -26.059984207 0.047502916 0.998870373 -0.001202815 -3.106728554 0.149356559 -0.005912247 0.988765717 180.627273560
0.987828314 -0.049649402 -0.147411704 -26.381910324 0.050102845 0.998743832 -0.000637867 -3.147446632 0.147258207 -0.006755643 0.989075005 182.763580322
0.987861812 -0.054137066 -0.145595923 -26.709794998 0.054572199 0.998509347 -0.001006705 -3.185062408 0.145433396 -0.006951004 0.989343643 184.910736084
0.987841725 -0.058507495 -0.144033358 -27.019420624 0.059022456 0.998256385 -0.000698714 -3.228676796 0.143823102 -0.007810984 0.989572585 187.043121338
0.987785280 -0.063102618 -0.142471939 -27.328020096 0.063676707 0.997970462 -0.000530841 -3.267764568 0.142216280 -0.008547787 0.989798725 189.175994873
0.987988114 -0.065700367 -0.139867410 -27.641073227 0.066350974 0.997796357 -0.000011534 -3.314425707 0.139559940 -0.009268943 0.990170240 191.305175781
0.988248885 -0.067206927 -0.137285620 -27.941717148 0.067876212 0.997693717 0.000194227 -3.356110096 0.136955947 -0.009510374 0.990531504 193.435424805
0.988703728 -0.067751758 -0.133696288 -28.241649628 0.068344966 0.997661710 -0.000152719 -3.396089315 0.133394018 -0.008986474 0.991022348 195.571563721
0.989211619 -0.067024127 -0.130261615 -28.527399063 0.067438394 0.997722685 -0.001233285 -3.432618141 0.130047619 -0.007564654 0.991478920 197.706665039
0.989912331 -0.064475015 -0.126160890 -28.815065384 0.064766496 0.997898817 -0.001794459 -3.478539228 0.126011506 -0.006394641 0.992008150 199.826904297
0.990638435 -0.062119350 -0.121559158 -29.097780228 0.062377788 0.998051167 -0.001681934 -3.523571491 0.121426739 -0.005916403 0.992582738 201.963531494
0.991233289 -0.061149746 -0.117120743 -29.367084503 0.061414406 0.998111427 -0.001351252 -3.564114332 0.116982184 -0.005853494 0.993116736 204.076721191
0.991676867 -0.062454805 -0.112589657 -29.617750168 0.062714718 0.998030722 -0.001235308 -3.609357119 0.112445086 -0.005836002 0.993640780 206.220382690
0.992005467 -0.064689390 -0.108353414 -29.864519119 0.064894691 0.997890770 -0.001634073 -3.650927544 0.108230583 -0.005410552 0.994111121 208.324157715
0.992303550 -0.066483565 -0.104468018 -30.098550797 0.066678159 0.997773170 -0.001632470 -3.693391562 0.104343921 -0.005345829 0.994526923 210.446304321
0.992552280 -0.068518870 -0.100723051 -30.324134827 0.068635240 0.997639120 -0.002313711 -3.733457088 0.100643791 -0.004616670 0.994911790 212.573562622
0.992763698 -0.070441656 -0.097253546 -30.535724640 0.070439331 0.997510076 -0.003461554 -3.784390926 0.097255230 -0.003413969 0.995253623 214.688964844
0.993076265 -0.071177587 -0.093452267 -30.751192093 0.071145006 0.997459173 -0.003684456 -3.833312750 0.093477078 -0.002989717 0.995616972 216.802856445
0.993412256 -0.071449608 -0.089593470 -30.957563400 0.071472503 0.997438192 -0.002956713 -3.873336554 0.089575209 -0.003466235 0.995974004 218.936080933
0.993742466 -0.071480691 -0.085828096 -31.148096085 0.071645662 0.997429490 -0.001160620 -3.918786287 0.085690439 -0.004995854 0.996309280 221.049743652
0.994137883 -0.070392393 -0.082065359 -31.328500748 0.070688561 0.997498214 0.000705446 -3.959374428 0.081810385 -0.006502393 0.996626675 223.185852051
0.994528115 -0.069600783 -0.077907711 -31.504541397 0.069899082 0.997553468 0.001105142 -3.991946220 0.077640191 -0.006544772 0.996959984 225.293655396
0.994892895 -0.069528997 -0.073169649 -31.675924301 0.069730252 0.997565866 0.000196578 -4.034132957 0.072977878 -0.005297713 0.997319460 227.395050049
0.995202482 -0.070059478 -0.068291277 -31.829200745 0.070130050 0.997536898 -0.001366384 -4.071600437 0.068218797 -0.003429441 0.997664511 229.506027222
0.995519698 -0.070501015 -0.063009083 -31.985105515 0.070547715 0.997507274 -0.001486090 -4.118144035 0.062956795 -0.002965715 0.998011827 231.624938965
0.995714605 -0.072283179 -0.057685349 -32.117221832 0.072296597 0.997381449 -0.001857143 -4.158513069 0.057668541 -0.002321269 0.998333097 233.739440918
0.995985270 -0.072693877 -0.052239571 -32.244758606 0.072649494 0.997353733 -0.002750435 -4.205489635 0.052301273 -0.001055785 0.998630822 235.845977783
0.996307015 -0.072162420 -0.046528824 -32.364101410 0.072062157 0.997392774 -0.003830896 -4.253060341 0.046683960 0.000463781 0.998909593 237.962661743
0.996621847 -0.071134821 -0.041045200 -32.467502594 0.071027972 0.997466087 -0.004057628 -4.301217556 0.041229833 0.001128563 0.999149024 240.064575195
0.996911526 -0.070092119 -0.035418764 -32.559638977 0.069998927 0.997539580 -0.003865959 -4.343880653 0.035602592 0.001374743 0.999365091 242.187011719
0.997121692 -0.069699340 -0.029838540 -32.640125275 0.069628082 0.997567177 -0.003421810 -4.388906956 0.030004444 0.001334361 0.999548852 244.285781860
0.997308552 -0.069164373 -0.024328668 -32.706184387 0.069092482 0.997603059 -0.003784517 -4.433139801 0.024532108 0.002093403 0.999696851 246.408874512
0.997443080 -0.068929113 -0.018869102 -32.760818481 0.068865836 0.997617960 -0.003983529 -4.476809978 0.019098736 0.002673907 0.999814034 248.505432129
0.997549891 -0.068595372 -0.013741910 -32.804691315 0.068560138 0.997642398 -0.003019387 -4.521570206 0.013916628 0.002069842 0.999900997 250.606002808
0.997557878 -0.069313295 -0.008600819 -32.828495026 0.069298111 0.997593880 -0.002051673 -4.571796894 0.008722333 0.001450642 0.999960899 252.701904297
0.997632563 -0.068681106 -0.003492708 -32.845684052 0.068674684 0.997637272 -0.001925073 -4.614131927 0.003616672 0.001680655 0.999992073 254.788101196
0.997622430 -0.068889007 0.001946850 -32.865676880 0.068893827 0.997620761 -0.002530034 -4.653698444 -0.001767926 0.002658144 0.999994934 256.873718262
0.997564197 -0.069371462 0.007299669 -32.862846375 0.069396786 0.997583747 -0.003274447 -4.695979118 -0.007054878 0.003773045 0.999967992 258.958221436
0.997514307 -0.069279782 0.012866311 -32.853862762 0.069335252 0.997585714 -0.003915908 -4.745683670 -0.012563955 0.004798263 0.999909580 261.065460205
0.997419357 -0.069482476 0.018076465 -32.823688507 0.069563992 0.997569799 -0.003919540 -4.787904263 -0.017760195 0.005166897 0.999828935 263.157562256
0.997241616 -0.070505284 0.023197835 -32.785709381 0.070619874 0.997494638 -0.004157143 -4.837401867 -0.022846615 0.005783904 0.999722242 265.238830566
0.997032464 -0.071566097 0.028364962 -32.739574432 0.071721442 0.997414589 -0.004496279 -4.882555008 -0.027969847 0.006517312 0.999587536 267.317169189
0.996792555 -0.072733425 0.033382598 -32.679241180 0.072919846 0.997328103 -0.004399660 -4.926590919 -0.032973401 0.006819801 0.999432981 269.399932861
0.996585488 -0.073123045 0.038346283 -32.611797333 0.073295310 0.997305453 -0.003104185 -4.969626904 -0.038015969 0.005904189 0.999259710 271.476531982
0.996398687 -0.072776198 0.043511759 -32.543106079 0.072935745 0.997334480 -0.002088429 -5.018004417 -0.043243788 0.005254471 0.999050736 273.540618896
0.996219695 -0.072079949 0.048485074 -32.455879211 0.072252527 0.997384727 -0.001813916 -5.063449383 -0.048227526 0.005310228 0.998822272 275.610778809
0.996044397 -0.070980117 0.053454559 -32.357151031 0.071199976 0.997459590 -0.002217492 -5.106360435 -0.053161368 0.006014683 0.998567820 277.683349609
0.995806277 -0.070445344 0.058371779 -32.246017456 0.070703268 0.997494578 -0.002362529 -5.153644085 -0.058059108 0.006479696 0.998292148 279.743743896
0.995546460 -0.069945663 0.063204981 -32.126914978 0.070225708 0.997528672 -0.002217404 -5.193986893 -0.062893681 0.006646143 0.997998118 281.809753418
0.995237887 -0.069603398 0.068241708 -31.996936798 0.069897763 0.997552276 -0.001932373 -5.237716198 -0.067940168 0.006693113 0.997666955 283.880889893
0.994863391 -0.069858618 0.073256843 -31.857954025 0.070147388 0.997535706 -0.001373347 -5.278852940 -0.072980374 0.006505068 0.997312188 285.951721191
0.994374037 -0.071529500 0.078127190 -31.707544327 0.071765386 0.997421503 -0.000212138 -5.317561150 -0.077910565 0.005817773 0.996943355 288.017852783
0.993696392 -0.074889489 0.083420604 -31.549270630 0.075158045 0.997171640 -0.000079216 -5.354629040 -0.083178721 0.006348446 0.996514440 290.077270508
0.993065953 -0.077327788 0.088546507 -31.373434067 0.077892587 0.996957421 -0.002935875 -5.396532059 -0.088050075 0.009812634 0.996067703 292.129150391
0.992631316 -0.076866463 0.093672790 -31.180864334 0.077784687 0.996950984 -0.006185560 -5.442794800 -0.092911720 0.013426290 0.995583832 294.184173584
0.992235303 -0.074510992 0.099585533 -30.998842239 0.075597562 0.997112572 -0.007176958 -5.494282246 -0.098763227 0.014649653 0.995003104 296.237854004
0.991803348 -0.072171472 0.105439186 -30.792154312 0.073526569 0.997252524 -0.009016725 -5.539055824 -0.104498744 0.016695401 0.994384885 298.288116455
0.991302550 -0.070623547 0.111047745 -30.571331024 0.072127044 0.997349501 -0.009575747 -5.598052979 -0.110077135 0.017502008 0.993768930 300.333618164
0.990782678 -0.068226822 0.117024913 -30.349866867 0.069942944 0.997494519 -0.010616285 -5.653311729 -0.116007395 0.018703498 0.993072212 302.399291992
0.990304768 -0.066686809 0.121857837 -30.112873077 0.068349622 0.997616112 -0.009512101 -5.707579613 -0.120933004 0.017748818 0.992501974 304.419006348
0.989585459 -0.066687457 0.127567396 -29.859186172 0.068395011 0.997617304 -0.009047369 -5.759920120 -0.126660094 0.017678117 0.991788626 306.476104736
0.988776386 -0.068222649 0.132917181 -29.598691940 0.069887325 0.997523665 -0.007893849 -5.812483788 -0.132049486 0.017094476 0.991095722 308.529510498
0.987986386 -0.069577388 0.137992293 -29.327119827 0.071140051 0.997445703 -0.006418760 -5.858958721 -0.137193218 0.016158428 0.990412474 310.570007324
0.987175703 -0.070090443 0.143427566 -29.050466537 0.071745254 0.997402489 -0.006391998 -5.907509804 -0.142607003 0.016600272 0.989640176 312.607208252
0.986300111 -0.070919670 0.148937836 -28.752855301 0.072878696 0.997310877 -0.007730162 -5.953288078 -0.147989094 0.018478654 0.988816321 314.660980225
0.985318542 -0.072310075 0.154656515 -28.450088501 0.074558556 0.997177958 -0.008780158 -6.004048347 -0.153585181 0.020182217 0.987929285 316.708374023
0.984486759 -0.073466830 0.159337476 -28.127349854 0.075768836 0.997089922 -0.008412239 -6.055686474 -0.158255771 0.020354554 0.987188339 318.740722656
0.983578622 -0.074329652 0.164463282 -27.801179886 0.076478563 0.997048259 -0.006763996 -6.104636669 -0.163475066 0.019230837 0.986360013 320.792327881
0.982720613 -0.074093215 0.169618249 -27.462875366 0.076252259 0.997069001 -0.006241184 -6.153991699 -0.168658674 0.019067114 0.985490084 322.802246094
0.981780946 -0.074125461 0.174961597 -27.112705231 0.076251827 0.997073710 -0.005452861 -6.195062637 -0.174045399 0.018694654 0.984560132 324.852172852
0.980948627 -0.073399574 0.179867417 -26.752086639 0.075466931 0.997137368 -0.004668577 -6.239533901 -0.179009855 0.018153675 0.983679771 326.891815186
0.979991674 -0.073268399 0.185062274 -26.383684158 0.075309485 0.997152150 -0.004014471 -6.285604954 -0.184241101 0.017871091 0.982718587 328.938476562
0.979133487 -0.073695116 0.189384758 -25.985181808 0.075848565 0.997110784 -0.004138027 -6.332743645 -0.188532621 0.018416243 0.981894255 330.982208252
0.978098094 -0.073399909 0.194773212 -25.600379944 0.075727090 0.997118354 -0.004518724 -6.375192642 -0.193880260 0.019169362 0.980837882 333.037811279
0.977204382 -0.073152259 0.199299663 -25.191925049 0.075755998 0.997111440 -0.005459826 -6.424619675 -0.198324576 0.020433510 0.979923368 335.084472656
0.976332903 -0.071938254 0.203958213 -24.773887634 0.074623503 0.997196615 -0.005495214 -6.475038528 -0.202991128 0.020585233 0.978964150 337.128204346
0.975302517 -0.071881294 0.208849475 -24.354681015 0.074698299 0.997190356 -0.005621784 -6.512382984 -0.207858562 0.021083640 0.977931619 339.159759521
0.974241018 -0.072420582 0.213564321 -23.924488068 0.074866846 0.997187793 -0.003378034 -6.561808586 -0.212719098 0.019279905 0.976923168 341.186523438
0.973004997 -0.074379407 0.218469620 -23.493331909 0.076685697 0.997053146 -0.002084252 -6.600872993 -0.217670783 0.018781481 0.975841522 343.184173584
0.971930504 -0.073815919 0.223388329 -23.038602829 0.075972736 0.997109354 -0.001063954 -6.641208649 -0.222664058 0.018005513 0.974728942 345.206573486
0.970672607 -0.073057666 0.229035541 -22.583595276 0.075187422 0.997169256 -0.000574187 -6.677488804 -0.228345245 0.017777937 0.973417878 347.217071533
0.969213188 -0.072722450 0.235238716 -22.117103577 0.075322136 0.997157097 -0.002072359 -6.717071056 -0.234419242 0.019727239 0.971935391 349.215301514
0.967753351 -0.071311198 0.241594955 -21.634294510 0.074737579 0.997190535 -0.005036104 -6.761876583 -0.240557075 0.022929929 0.970364094 351.212463379
0.966149688 -0.070188433 0.248250738 -21.138809204 0.074431129 0.997196138 -0.007734029 -6.807200432 -0.247011840 0.025949810 0.968664944 353.224670410
0.964553297 -0.069681302 0.254521966 -20.628080368 0.074502952 0.997177064 -0.009340928 -6.858259201 -0.253152579 0.027972462 0.967021883 355.228851318
0.962746441 -0.071117558 0.260886222 -20.100658417 0.076393962 0.997026265 -0.010126787 -6.915418148 -0.259390235 0.029679662 0.965316415 357.238647461
0.961152077 -0.071276248 0.266657770 -19.552724838 0.076953091 0.996975303 -0.010886504 -6.976722240 -0.265075237 0.030983724 0.963729799 359.235260010
0.959325612 -0.072139822 0.272928864 -19.001390457 0.077758856 0.996923923 -0.009812625 -7.035070419 -0.271381438 0.030636141 0.961984158 361.231719971
0.957508028 -0.073157310 0.278973758 -18.436729431 0.077994317 0.996934116 -0.006262826 -7.091578007 -0.277660310 0.027755072 0.960278273 363.219299316
0.955608368 -0.074678488 0.285018981 -17.866424561 0.078582682 0.996905029 -0.002269702 -7.141304016 -0.283967376 0.024566500 0.958519220 365.211120605
0.953872085 -0.074847154 0.290733397 -17.285352707 0.078891285 0.996880829 -0.002196182 -7.181088448 -0.289662153 0.025031207 0.956801593 367.163330078
0.952089131 -0.074715279 0.296553493 -16.692277908 0.079148896 0.996858418 -0.002954767 -7.219065666 -0.295401096 0.026285080 0.955011666 369.139617920
0.950619400 -0.074700654 0.301235110 -16.086265564 0.078987032 0.996873498 -0.002056533 -7.263654709 -0.300139695 0.025748646 0.953547657 371.084716797
0.948921978 -0.075975619 0.306226701 -15.468277931 0.080154739 0.996781826 -0.001075933 -7.307902336 -0.305159450 0.025566498 0.951958001 373.055328369
0.947560251 -0.077722438 0.309981912 -14.847290039 0.081930630 0.996637881 -0.000558364 -7.345958233 -0.308896333 0.025926098 0.950742304 375.015960693
0.946612358 -0.079457238 0.312428594 -14.209955215 0.083832979 0.996479630 -0.000575530 -7.385821819 -0.311282992 0.026736625 0.949941099 376.974731445
0.945746541 -0.081408851 0.314541012 -13.577074051 0.085831843 0.996309638 -0.000212199 -7.427411556 -0.313362956 0.027198318 0.949243844 378.899475098
0.944426417 -0.081009492 0.318584651 -12.954319954 0.086022303 0.996291816 -0.001671890 -7.460578918 -0.317267835 0.028984360 0.947892964 380.843505859
0.943349957 -0.079912655 0.322032303 -12.296764374 0.084916010 0.996387005 -0.001495460 -7.504341125 -0.320749313 0.028756442 0.946727514 382.777862549
0.941453695 -0.078694992 0.327829301 -11.638422012 0.083677091 0.996492326 -0.001095550 -7.543776989 -0.326593161 0.028463213 0.944736362 384.726623535
0.939608634 -0.077568740 0.333344787 -10.979532242 0.082349114 0.996603549 -0.000211953 -7.576622009 -0.332196146 0.027649799 0.942804992 386.652343750
0.937753618 -0.076566771 0.338756084 -10.295367241 0.080918662 0.996719897 0.001280709 -7.608855724 -0.337742984 0.026210699 0.940873384 388.594543457
0.935948312 -0.075867005 0.343867630 -9.589772224 0.080151930 0.996781111 0.001758638 -7.642804146 -0.342894197 0.025915662 0.939016461 390.532653809
0.933995068 -0.074608788 0.349409193 -8.880973816 0.079106063 0.996865213 0.001403029 -7.678373337 -0.348418534 0.026329964 0.936969161 392.474975586
0.932008088 -0.073365904 0.354934335 -8.168869972 0.078551315 0.996910036 -0.000200753 -7.713517666 -0.353822857 0.028067660 0.934891224 394.404418945
0.929902554 -0.073573187 0.360372305 -7.434455872 0.079389460 0.996842802 -0.001341846 -7.755495071 -0.359135807 0.029857548 0.932807565 396.332641602
0.927960396 -0.073903866 0.365277588 -6.697932243 0.079966560 0.996796429 -0.001474731 -7.785853386 -0.363998413 0.030578483 0.930897474 398.238311768
0.925839126 -0.073440507 0.370713413 -5.943667412 0.079797059 0.996809483 -0.001815558 -7.818671703 -0.369397312 0.031262752 0.928745508 400.167449951
0.923699915 -0.074100882 0.375882298 -5.186996460 0.080436379 0.996759057 -0.001166204 -7.868063927 -0.374577671 0.031311832 0.926666677 402.060577393
0.921493530 -0.074738063 0.381135046 -4.408724785 0.080983773 0.996715367 -0.000350133 -7.907146931 -0.379857004 0.031188400 0.924519300 403.967834473
0.919310629 -0.075336084 0.386254430 -3.617928505 0.082073718 0.996625781 -0.000956251 -7.941929340 -0.384879082 0.032580428 0.922391772 405.872100830
0.917003512 -0.076362647 0.391501337 -2.828742027 0.083811760 0.996479690 -0.001945970 -7.983305931 -0.389974535 0.034596875 0.920175493 407.755310059
0.914574504 -0.076665290 0.397084206 -2.036616325 0.084660031 0.996406496 -0.002614337 -8.021516800 -0.395456821 0.036008164 0.917778492 409.623352051
0.912227511 -0.076869294 0.402407885 -1.230315208 0.085160412 0.996363521 -0.002723393 -8.058609962 -0.400735199 0.036753573 0.915456414 411.490356445
0.909679651 -0.077711411 0.407975376 -0.408353806 0.085801169 0.996311069 -0.001536444 -8.095485687 -0.406351000 0.036402434 0.912991643 413.358184814
0.907240748 -0.079186194 0.413090497 0.416769028 0.086677156 0.996236265 0.000607875 -8.135679245 -0.411583871 0.035254017 0.910689771 415.211853027
0.904770374 -0.078974485 0.418513507 1.257122993 0.086543821 0.996247649 0.000898079 -8.169869423 -0.417014003 0.035407204 0.908210158 417.070343018
0.902435839 -0.077984527 0.423707396 2.119083405 0.085724041 0.996318579 0.000795329 -8.203989983 -0.422209591 0.035604175 0.905798793 418.933197021
0.900054514 -0.076798178 0.428956777 2.984777451 0.084605634 0.996414125 0.000869798 -8.236525536 -0.427485377 0.035509288 0.903324604 420.782836914
0.897844493 -0.075546779 0.433783263 3.849802017 0.083634935 0.996496379 0.000440124 -8.263998985 -0.432296693 0.035884272 0.901017129 422.606140137
0.896113515 -0.074343771 0.437554091 4.744569778 0.082614802 0.996581554 0.000131165 -8.297660828 -0.436068088 0.036030907 0.899192095 424.448394775
0.894336998 -0.072798312 0.441431463 5.611163139 0.080773808 0.996732175 0.000728119 -8.335414886 -0.440041959 0.035004914 0.897294700 426.242248535
0.892750859 -0.072164096 0.444733948 6.499443054 0.080237925 0.996775508 0.000672155 -8.370475769 -0.443348408 0.035084460 0.895662487 428.062164307
0.891000867 -0.073311418 0.448043406 7.401001930 0.080571093 0.996744752 0.002865466 -8.405935287 -0.446794957 0.033546213 0.894007206 429.886810303
0.889196157 -0.075719871 0.451216906 8.314297676 0.082419358 0.996586084 0.004818944 -8.430265427 -0.450041354 0.032904021 0.892401338 431.706207275
0.887311935 -0.075940713 0.454874218 9.226027489 0.083006255 0.996539056 0.004452761 -8.454250336 -0.453638077 0.033806417 0.890544534 433.526916504
0.885701358 -0.074880660 0.458176792 10.154599190 0.083070718 0.996541023 0.002282524 -8.477120399 -0.456762910 0.036039438 0.888858140 435.339080811
0.883613467 -0.074669965 0.462224633 11.070243835 0.083026819 0.996544719 0.002268036 -8.519872665 -0.460796863 0.036372975 0.886759996 437.144714355
0.881707311 -0.074026607 0.465953082 12.001646042 0.082585052 0.996581912 0.002055428 -8.547099113 -0.464512557 0.036668468 0.884807050 438.961151123
0.880002439 -0.074368060 0.469110936 12.956018448 0.082853161 0.996558487 0.002560453 -8.581157684 -0.467686892 0.036614116 0.883135557 440.746826172
0.877931952 -0.073415115 0.473123431 13.907759666 0.082643427 0.996578336 0.001286376 -8.611152649 -0.471598983 0.037971187 0.880995214 442.546325684
0.875853598 -0.073243894 0.476986140 14.869767189 0.083506264 0.996507227 -0.000316969 -8.649709702 -0.475296885 0.040108949 0.878910780 444.335906982
0.873725176 -0.072857738 0.480932564 15.835187912 0.083749957 0.996486068 -0.001190862 -8.685374260 -0.479155838 0.041318569 0.876756787 446.116516113
0.871393800 -0.073784888 0.485003740 16.816864014 0.084694423 0.996406794 -0.000582344 -8.721516609 -0.483218074 0.041584563 0.874511898 447.906982422
0.869255066 -0.074802645 0.488671929 17.802154541 0.085826173 0.996310115 -0.000160030 -8.756585121 -0.486856818 0.042079948 0.872467637 449.673461914
0.867143273 -0.074605159 0.492439508 18.789823532 0.085104518 0.996371448 0.001089763 -8.787342072 -0.490733951 0.040963843 0.870346010 451.440307617
0.864852667 -0.073613673 0.496599346 19.780910492 0.084044054 0.996461153 0.001344009 -8.825645447 -0.494940877 0.040573847 0.867978871 453.204742432
0.862800717 -0.071072914 0.500523269 20.786769867 0.082187444 0.996616900 -0.000157670 -8.857761383 -0.498818755 0.041272767 0.865723073 454.971069336
0.860569596 -0.068921387 0.504648209 21.807071686 0.080604672 0.996745288 -0.001325416 -8.898105621 -0.502914369 0.041817617 0.863324046 456.737792969
0.858270168 -0.066586167 0.508860111 22.830978394 0.078149676 0.996940732 -0.001358095 -8.937858582 -0.507212937 0.040932864 0.860848188 458.504119873
0.855811179 -0.066054262 0.513053715 23.854711533 0.077302374 0.997007549 -0.000584030 -8.971300125 -0.511479855 0.040160086 0.858356297 460.248962402
0.853258371 -0.066895165 0.517180026 24.907751083 0.077767953 0.996971250 0.000650444 -9.002165794 -0.515657187 0.039665036 0.855876386 462.007293701
0.850342274 -0.069119014 0.521670997 25.953742981 0.079027884 0.996867061 0.003262052 -9.033683777 -0.520262063 0.038452692 0.853140533 463.748901367
0.847264826 -0.072683476 0.526174366 27.025482178 0.082320176 0.996592820 0.005110177 -9.055612564 -0.524753034 0.038985088 0.850361347 465.489868164
0.844136715 -0.074941501 0.530864358 28.087005615 0.084876053 0.996375263 0.005694220 -9.089109421 -0.529366851 0.040250972 0.847437680 467.198272705
0.840744853 -0.075565368 0.536132395 29.166051865 0.086617723 0.996231079 0.004583119 -9.115820885 -0.534458101 0.042585328 0.844121456 468.923828125
0.837763309 -0.074727952 0.540895879 30.260431290 0.087378301 0.996172547 0.002291747 -9.134771347 -0.538996875 0.045342617 0.841086447 470.621948242
0.834231198 -0.072970249 0.546565354 31.356611252 0.087023668 0.996206224 0.000174838 -9.167632103 -0.544504523 0.047418259 0.837416470 472.341369629
0.830802262 -0.070910290 0.552031994 32.472118378 0.085725732 0.996318221 -0.001036034 -9.204002380 -0.549926043 0.048184086 0.833822310 474.059082031
0.827707767 -0.069607116 0.556825578 33.611785889 0.084351622 0.996435702 -0.000825163 -9.230306625 -0.554783463 0.047652133 0.830629051 475.764892578
0.824271083 -0.069434226 0.561921775 34.746685028 0.082948849 0.996552706 0.001463780 -9.263997078 -0.560086310 0.045404214 0.827189088 477.464447021
0.820819974 -0.069517531 0.566940844 35.913196564 0.081130512 0.996692181 0.004751880 -9.290244102 -0.565395832 0.042095758 0.823744833 479.175811768
0.817292929 -0.069777288 0.571982026 37.084278107 0.079490647 0.996803343 0.008019639 -9.317263603 -0.570713222 0.038912822 0.820226967 480.877685547
0.813813984 -0.070180014 0.576872230 38.262386322 0.078921378 0.996831357 0.009933428 -9.332330704 -0.575741470 0.037443589 0.816774011 482.565917969
0.810179710 -0.069849230 0.582005143 39.443004608 0.079234958 0.996812284 0.009333277 -9.349531174 -0.580801785 0.038553521 0.813131571 484.239135742
0.806723118 -0.068758406 0.586915731 40.638584137 0.079659484 0.996795535 0.007283710 -9.365345001 -0.585535765 0.040877465 0.809615254 485.919189453
0.803509831 -0.067064039 0.591501832 41.840259552 0.079945408 0.996789455 0.004415558 -9.388337135 -0.589898944 0.043739911 0.806291580 487.587799072
0.800481677 -0.066291921 0.595679820 43.051994324 0.080903508 0.996719480 0.002203650 -9.411916733 -0.593871772 0.046428598 0.803218961 489.264312744
0.798652709 -0.066567495 0.598099172 44.278961182 0.081845336 0.996643722 0.001635308 -9.441631317 -0.596200645 0.047645584 0.801420450 490.900512695
0.796562791 -0.066543892 0.600882411 45.513183594 0.081818022 0.996645451 0.001909654 -9.465633392 -0.598993778 0.047641847 0.799335182 492.564453125
0.794715881 -0.066670910 0.603308976 46.756454468 0.081129238 0.996698201 0.003275400 -9.503270149 -0.601535320 0.046342976 0.797500849 494.218231201
0.792223752 -0.067126207 0.606527507 48.005630493 0.080390856 0.996749282 0.005309660 -9.530040741 -0.604912281 0.044552822 0.795044780 495.874114990
0.789024830 -0.067182772 0.610676944 49.240409851 0.080314107 0.996752203 0.005886505 -9.554464340 -0.609089077 0.044401366 0.791858017 497.505859375
0.786021233 -0.066322498 0.614631593 50.503383636 0.080003671 0.996780753 0.005246084 -9.572782516 -0.613000870 0.045049250 0.788796842 499.140777588
0.782323182 -0.066580243 0.619304061 51.766246796 0.081709370 0.996648431 0.003930153 -9.601536751 -0.617490053 0.047528293 0.785141468 500.763122559
0.779026389 -0.066467784 0.623458087 53.052875519 0.083245128 0.996526599 0.002224318 -9.622698784 -0.621440411 0.050167039 0.781853616 502.394653320
0.775560319 -0.065747060 0.627840400 54.342109680 0.084371768 0.996434331 0.000123007 -9.655994415 -0.625609815 0.052876595 0.778342128 504.019226074
0.772216201 -0.064843506 0.632042348 55.649597168 0.084563531 0.996417463 -0.001091890 -9.687081337 -0.629707277 0.054290902 0.774933100 505.629516602
0.768881083 -0.063619241 0.636218905 56.960639954 0.082904309 0.996557355 -0.000539642 -9.726449966 -0.633994341 0.053160209 0.771508396 507.247802734
0.765572906 -0.062653139 0.640291214 58.285034180 0.080162719 0.996780336 0.001688314 -9.757481575 -0.638335466 0.050034951 0.768130422 508.853820801
0.761875868 -0.063706450 0.644582510 59.607009888 0.079392962 0.996832430 0.004680659 -9.781282425 -0.642838955 0.047609232 0.764520407 510.448883057
0.758352160 -0.064743489 0.648621917 60.947227478 0.078670226 0.996872306 0.007525585 -9.803645134 -0.647080421 0.045320183 0.761073589 512.044921875
0.754843891 -0.066577002 0.652516842 62.283542633 0.079816572 0.996765554 0.009367750 -9.814635277 -0.651030004 0.045010466 0.757716298 513.605712891
0.751342773 -0.067133151 0.656488478 63.641590118 0.081653163 0.996624887 0.008464808 -9.833484650 -0.654841006 0.047244385 0.754288554 515.178161621
0.747952282 -0.066213802 0.660441577 65.007347107 0.083339386 0.996505916 0.005524425 -9.860212326 -0.658499777 0.050908789 0.750857115 516.745605469
0.744632125 -0.065362826 0.664267004 66.382514954 0.084748752 0.996397734 0.003042036 -9.883974075 -0.662072957 0.054030605 0.747489214 518.309814453
0.741201282 -0.064703859 0.668157220 67.772560120 0.085217968 0.996360421 0.001952673 -9.908764839 -0.665851772 0.055491667 0.744017601 519.866516113
0.737908602 -0.063917227 0.671867251 69.175125122 0.083741598 0.996483505 0.002826181 -9.937805176 -0.669685304 0.054177769 0.740666270 521.429260254
0.734308422 -0.064153388 0.675777733 70.572372437 0.082745947 0.996559620 0.004693309 -9.967225075 -0.673753858 0.052471530 0.737090588 522.977294922
0.730474472 -0.063309856 0.679999232 71.975975037 0.080363229 0.996744633 0.006471294 -9.987951279 -0.678195298 0.049919818 0.733184218 524.527038574
0.727495015 -0.064483099 0.683076084 73.403167725 0.079198405 0.996811152 0.009751519 -10.006466866 -0.681526661 0.047004357 0.730282068 526.058105469
0.723697424 -0.066716135 0.686884999 74.831932068 0.079199724 0.996769071 0.013370418 -10.017667770 -0.685557783 0.044724967 0.726643145 527.598632812
0.720330715 -0.068032034 0.690286398 76.260574341 0.080189720 0.996673465 0.014548462 -10.022852898 -0.688979924 0.044874165 0.723389983 529.105468750
0.716782033 -0.067096986 0.694061637 77.710510254 0.081903264 0.996570945 0.011757047 -10.017972946 -0.692470491 0.048418675 0.719819605 530.628417969
