1.000000000 0.000000000 0.000000000 0.000000000 0.000000000 1.000000000 0.000000000 0.000000000 0.000000000 0.000000000 1.000000000 0.000000000
0.999979615 0.000437668 -0.006370757 -0.009194665 -0.000435608 0.999999881 0.000324598 -0.000639420 0.006370898 -0.000321816 0.999979675 0.095330283
0.999908268 0.001004513 -0.013506029 -0.017913477 -0.001003279 0.999999464 0.000098131 -0.001376772 0.013506120 -0.000084571 0.999908805 0.195572108
0.999782324 0.001478685 -0.020810097 -0.033984583 -0.001491605 0.999998689 -0.000605359 -0.002100900 0.020809175 0.000636268 0.999783278 0.292248636
0.999557734 0.002040505 -0.029667303 -0.051263731 -0.002100249 0.999995828 -0.001982794 -0.003039834 0.029663133 0.002044226 0.999557853 0.400437742
0.999156177 0.002161371 -0.041014824 -0.069665082 -0.002299825 0.999991834 -0.003328827 -0.005518734 0.041007295 0.003420345 0.999153018 0.518340945
0.998531103 0.002072043 -0.054142397 -0.095144399 -0.002295621 0.999989092 -0.004067580 -0.008293631 0.054133378 0.004185895 0.998524964 0.643949509
0.997533381 0.002346476 -0.070154816 -0.127586529 -0.002655627 0.999987185 -0.004313741 -0.006232930 0.070143789 0.004489406 0.997526765 0.785904050
0.996073246 0.000840421 -0.088529274 -0.158179268 -0.001216068 0.999990463 -0.004189336 -0.010617778 0.088524915 0.004280543 0.996064782 0.939361751
0.994146466 0.000005299 -0.108040780 -0.201999947 -0.000473774 0.999990582 -0.004310422 -0.013318464 0.108039744 0.004336378 0.994137108 1.103350997
0.991579413 0.000003323 -0.129500002 -0.255974740 -0.000623369 0.999988556 -0.004747469 -0.016045775 0.129498497 0.004788218 0.991568029 1.273393154
0.988235295 0.003728640 -0.152895540 -0.326910734 -0.004723978 0.999969959 -0.006147164 -0.018635018 0.152868032 0.006797120 0.988223255 1.461888433
0.984014571 0.006745839 -0.177960142 -0.354687810 -0.008285776 0.999934375 -0.007911480 -0.013543797 0.177895084 0.009259549 0.984005868 1.580779552
0.978809178 0.009711446 -0.204543993 -0.427965641 -0.011760185 0.999892116 -0.008802897 -0.020934315 0.204436436 0.011021832 0.978817761 1.762860537
0.972332001 0.010509567 -0.233366802 -0.509332538 -0.012986773 0.999874413 -0.009081012 -0.022496467 0.233242050 0.011860440 0.972346365 1.953967810
0.964512110 0.012429237 -0.263745934 -0.601602077 -0.015260625 0.999845803 -0.008689186 -0.025715392 0.263597280 0.012405752 0.964553058 2.159661531
0.955375731 0.014396096 -0.295042276 -0.702192068 -0.017394301 0.999820292 -0.007539884 -0.029423989 0.294880688 0.012335476 0.955454469 2.352828979
0.944529533 0.016266234 -0.328023344 -0.799307227 -0.019530766 0.999787092 -0.006659933 -0.029336400 0.327845186 0.012697051 0.944646120 2.535449982
0.932314932 0.018168874 -0.361190736 -0.907718837 -0.021868294 0.999741912 -0.006157281 -0.032419629 0.360985637 0.013639149 0.932471633 2.725630522
0.918857813 0.021087565 -0.394024968 -1.018870473 -0.025334107 0.999663472 -0.005578260 -0.033182487 0.393774748 0.015107899 0.919082820 2.900488615
0.903288424 0.021975569 -0.428470671 -1.131128311 -0.026512407 0.999637783 -0.004622818 -0.039394971 0.428213894 0.015535525 0.903543890 3.071911573
0.885341346 0.017684124 -0.464605153 -1.256233573 -0.022710031 0.999728441 -0.005223380 -0.040069886 0.464386642 0.015175671 0.885502577 3.256223202
0.864681125 0.013606605 -0.502136886 -1.379529834 -0.018699907 0.999812067 -0.005108982 -0.050270304 0.501972973 0.013807553 0.864773095 3.421134233
0.840266705 0.015200508 -0.541960239 -1.542038679 -0.019318445 0.999811530 -0.001909739 -0.053757221 0.541829109 0.012074518 0.840402007 3.612432480
0.811818719 0.020689458 -0.583542943 -1.729593277 -0.024090534 0.999707937 0.001930053 -0.058849089 0.583412409 0.012491006 0.812080026 3.795603037
0.780269682 0.024310341 -0.624970615 -1.929953933 -0.027785093 0.999605119 0.004193600 -0.067090452 0.624825776 0.014092728 0.780637026 3.968143463
0.744836330 0.023984611 -0.666815996 -2.144063234 -0.027433233 0.999609530 0.005311775 -0.071904913 0.666683018 0.014336514 0.745203495 4.148168564
0.705479562 0.019262945 -0.708468497 -2.367218018 -0.021126432 0.999757946 0.006145674 -0.067526415 0.708415389 0.010631763 0.705715775 4.336312294
0.664029241 0.015729014 -0.747541130 -2.621491194 -0.016040387 0.999848306 0.006789380 -0.064724214 0.747534513 0.007482503 0.664180815 4.513004780
0.620069504 0.014978638 -0.784403920 -2.898996115 -0.013381704 0.999874234 0.008514960 -0.061401136 0.784432769 0.005216792 0.620191932 4.686672211
0.573257744 0.015541661 -0.819227695 -3.190242529 -0.011365816 0.999874711 0.011015462 -0.056714699 0.819296300 0.002996493 0.573362589 4.836232185
0.522975922 0.016204480 -0.852193534 -3.497596741 -0.010089711 0.999866903 0.012820619 -0.051440727 0.852287889 0.001893509 0.523069739 4.974813461
0.471755266 0.017464757 -0.881556571 -3.817989349 -0.009700957 0.999846101 0.014616863 -0.043445565 0.881676197 0.001656360 0.471852064 5.091241837
0.418483853 0.019551234 -0.908013761 -4.163235664 -0.008416918 0.999808848 0.017648580 -0.041229501 0.908185244 0.000257032 0.418568432 5.192218781
0.363860846 0.021390513 -0.931207716 -4.535379887 -0.008237545 0.999771059 0.019746719 -0.033460997 0.931416988 0.000485807 0.363953769 5.294056892
0.309237659 0.024374804 -0.950672388 -4.939766884 -0.004667614 0.999698341 0.024113510 -0.035783075 0.950973332 -0.003019434 0.309258103 5.404842854
0.256965816 0.026225977 -0.966064572 -5.328118324 -0.000576910 0.999635696 0.026983887 -0.035376251 0.966420352 -0.006376605 0.256887376 5.455011368
0.206771016 0.026550060 -0.978029072 -5.714440346 0.002976089 0.999610066 0.027765103 -0.033746198 0.978384852 -0.008651719 0.206611395 5.510125160
0.160639703 0.027584629 -0.986627519 -6.144826889 0.000243129 0.999608278 0.027987136 -0.023653284 0.987013042 -0.004735723 0.160570085 5.516404629
0.119197845 0.027911186 -0.992478132 -6.576913834 -0.002114136 0.999609649 0.027857834 -0.014545947 0.992868304 -0.001222361 0.119210303 5.524635792
0.081604540 0.026480585 -0.996313095 -7.043019772 -0.002805943 0.999649107 0.026339432 -0.004609674 0.996661007 0.000646176 0.081650257 5.538097382
0.047872305 0.023699744 -0.998572409 -7.517411232 -0.002180600 0.999718547 0.023622409 0.004600272 0.998851240 0.001046623 0.047910511 5.526506424
0.017236710 0.020995118 -0.999631107 -8.005988121 -0.002116106 0.999778032 0.020961717 0.011675313 0.999849319 0.001754011 0.017277360 5.501446724
-0.009174109 0.019153057 -0.999774456 -8.514742851 -0.002412144 0.999813199 0.019175932 0.017882548 0.999954998 0.002587523 -0.009126186 5.478758812
-0.029488564 0.016696390 -0.999425709 -9.038032532 -0.003194876 0.999853790 0.016797809 0.028126754 0.999560058 0.003688384 -0.029430866 5.436811447
-0.045738578 0.015973475 -0.998825848 -9.543243408 -0.002449103 0.999867380 0.016102282 0.034700148 0.998950601 0.003182721 -0.045693398 5.404186249
-0.058428526 0.016311681 -0.998158336 -10.112451553 -0.001225186 0.999864578 0.016411282 0.044274680 0.998290837 0.002181818 -0.058400631 5.353182793
-0.067839146 0.017768389 -0.997538030 -10.671274185 -0.002087041 0.999836683 0.017951265 0.043864131 0.997694075 0.003299701 -0.067790985 5.303157806
-0.074589252 0.018968131 -0.997033954 -11.258317947 -0.004157514 0.999804497 0.019331869 0.044626102 0.997205734 0.005587132 -0.074495792 5.243705750
-0.078876257 0.020032095 -0.996683240 -11.862974167 -0.004580386 0.999780238 0.020456828 0.046281964 0.996874034 0.006178750 -0.078767180 5.187115669
-0.080161572 0.020568110 -0.996569812 -12.482654572 -0.002501798 0.999779761 0.020835601 0.057239339 0.996778905 0.004163427 -0.080092430 5.129257202
-0.079442143 0.022734392 -0.996580303 -13.104393959 -0.000402068 0.999739110 0.022838507 0.063295662 0.996839523 0.002215030 -0.079412222 5.082195282
-0.077717185 0.025236528 -0.996656060 -13.740339279 -0.000996497 0.999677122 0.025390731 0.065923914 0.996975064 0.002966458 -0.077666998 5.024621010
-0.076210499 0.025411995 -0.996767879 -14.396148682 -0.004011663 0.999659300 0.025792431 0.062154233 0.997083724 0.005964349 -0.076082587 4.972973824
-0.074658871 0.022904601 -0.996946037 -15.075908661 -0.005734034 0.999709785 0.023397505 0.071166247 0.997192621 0.007463355 -0.074505806 4.911437035
-0.073479891 0.022798963 -0.997036099 -15.763408661 -0.006074260 0.999709904 0.023307767 0.081350446 0.997278273 0.007768908 -0.073320150 4.856000900
-0.071789384 0.025398077 -0.997096479 -16.471658707 -0.005996565 0.999646664 0.025894780 0.093753964 0.997401893 0.007838122 -0.071611762 4.796934128
-0.069601178 0.029135603 -0.997149348 -17.213613510 -0.007289402 0.999531865 0.029714018 0.100506157 0.997548282 0.009336751 -0.069356203 4.733989716
-0.067999244 0.031122440 -0.997200012 -17.959831238 -0.007499489 0.999469161 0.031704657 0.110199928 0.997657359 0.009634377 -0.067729712 4.674860001
-0.066255927 0.030529585 -0.997335672 -18.710182190 -0.008839712 0.999474645 0.031182311 0.122660339 0.997763634 0.010882162 -0.065951228 4.617238998
-0.064661860 0.027494747 -0.997528493 -19.473697662 -0.012000795 0.999526620 0.028327741 0.135139555 0.997835219 0.013802852 -0.064301252 4.559185028
-0.063318729 0.026791573 -0.997633755 -20.259090424 -0.012517972 0.999539614 0.027637256 0.151493162 0.997914910 0.014238304 -0.062954187 4.499258041
-0.061573625 0.029199809 -0.997675359 -21.049510956 -0.009967327 0.999504149 0.029868489 0.161423743 0.998052776 0.011783266 -0.061251998 4.438302994
-0.060598254 0.031335697 -0.997670293 -21.851261139 -0.007735159 0.999462366 0.031861819 0.171287030 0.998132288 0.009647910 -0.060323358 4.391353607
-0.059355617 0.032985341 -0.997691810 -22.666139603 -0.006867473 0.999416769 0.033450935 0.184883773 0.998213291 0.008837121 -0.059094429 4.335527420
-0.058655262 0.028412042 -0.997874081 -23.481201172 -0.006610021 0.999561965 0.028848642 0.194374055 0.998256624 0.008288085 -0.058441758 4.275363922
-0.058389306 0.021598415 -0.998060346 -24.300258636 -0.005480470 0.999743938 0.021955473 0.200902089 0.998278975 0.006751802 -0.058256030 4.224468231
-0.058579445 0.016902240 -0.998139799 -25.135328293 -0.001794448 0.999853253 0.017036572 0.211603820 0.998281300 0.002789099 -0.058540463 4.166585922
-0.059142947 0.017801590 -0.998090804 -25.985855103 -0.000686895 0.999840021 0.017873492 0.219647020 0.998249352 0.001742673 -0.059121251 4.114601135
-0.058995962 0.025101472 -0.997942626 -26.836807251 -0.000812713 0.999682248 0.025193276 0.224762261 0.998257935 0.002297340 -0.058956742 4.048688889
-0.059732318 0.032040261 -0.997700274 -27.698539734 -0.002388631 0.999477267 0.032240342 0.235813469 0.998211741 0.004308924 -0.059624553 3.993638992
-0.059952617 0.037350446 -0.997502267 -28.551923752 -0.004695060 0.999278128 0.037699129 0.244920045 0.998190284 0.006943492 -0.059733987 3.927057266
-0.060428381 0.037773088 -0.997457743 -29.407428741 -0.006273295 0.999249637 0.038221002 0.253436625 0.998152971 0.008566973 -0.060146093 3.868806839
-0.060770035 0.034274448 -0.997563243 -30.262592316 -0.006522941 0.999375284 0.034734074 0.266537845 0.998130560 0.008617835 -0.060508490 3.805967331
-0.061087728 0.031291455 -0.997641981 -31.117656708 -0.006433688 0.999475360 0.031742916 0.285339803 0.998111844 0.008357611 -0.060854435 3.740818024
-0.060965300 0.032913566 -0.997597218 -31.973846436 -0.008753564 0.999400139 0.033507999 0.289139211 0.998101652 0.010775350 -0.060640574 3.672874451
-0.060970426 0.035475463 -0.997508943 -32.834064484 -0.009795241 0.999298811 0.036137827 0.296009243 0.998091519 0.011974177 -0.060580134 3.610157013
-0.060791016 0.033841532 -0.997576594 -33.673728943 -0.010509749 0.999347985 0.034542073 0.307398856 0.998095155 0.012584131 -0.060395718 3.551963806
-0.060417295 0.028618256 -0.997762918 -34.527095795 -0.010850096 0.999511003 0.029325401 0.322603643 0.998114288 0.012597586 -0.060077310 3.483482361
-0.060187817 0.024679933 -0.997882009 -35.374656677 -0.012448320 0.999598026 0.025473202 0.328329712 0.998109579 0.013955127 -0.059856415 3.419902802
-0.059931397 0.025250530 -0.997883022 -36.202384949 -0.011936640 0.999590397 0.026010631 0.339547038 0.998131037 0.013470226 -0.059605479 3.375946045
-0.059376836 0.027475655 -0.997857571 -37.054496765 -0.010675283 0.999546468 0.028157385 0.347811937 0.998178720 0.012324302 -0.059056640 3.315341949
-0.058788657 0.032759350 -0.997732818 -37.921096802 -0.010556421 0.999385118 0.033435609 0.350760102 0.998214662 0.012498120 -0.058406711 3.250011444
-0.058367968 0.038009815 -0.997571349 -38.786769867 -0.009698682 0.999206126 0.038639579 0.367935240 0.998248100 0.011930440 -0.057953000 3.190242767
-0.058574319 0.041345656 -0.997426569 -39.618427277 -0.010657867 0.999059141 0.042039219 0.375933707 0.998226225 0.013092854 -0.058078527 3.140651703
-0.058117986 0.041354679 -0.997452855 -40.466644287 -0.009548286 0.999072909 0.041978195 0.393457949 0.998264074 0.011963649 -0.057669163 3.077758789
-0.057910085 0.036759716 -0.997644842 -41.311061859 -0.008772793 0.999264538 0.037328631 0.417647421 0.998283327 0.010913831 -0.057545066 3.011703491
-0.057696462 0.032794405 -0.997795463 -42.139801025 -0.010346517 0.999387026 0.033444989 0.423753262 0.998280585 0.012253362 -0.057321787 2.957511902
-0.057687998 0.029999858 -0.997883916 -42.965923309 -0.014095418 0.999424279 0.030861028 0.436573863 0.998235226 0.015845895 -0.057231903 2.898223877
-0.058261275 0.028537743 -0.997893512 -43.814174652 -0.017684277 0.999404967 0.029613450 0.444517493 0.998144865 0.019372337 -0.057721972 2.833343506
-0.058642864 0.026432788 -0.997929215 -44.659793854 -0.015906932 0.999497712 0.027409099 0.451669931 0.998152435 0.017481331 -0.058192968 2.771282196
-0.059859276 0.022762999 -0.997947276 -45.499534607 -0.012223924 0.999648273 0.023535019 0.460435033 0.998131990 0.013607618 -0.059559941 2.714946747
-0.060321689 0.021238485 -0.997953057 -46.331020355 -0.007909980 0.999732077 0.021754470 0.465809762 0.998147666 0.009206056 -0.060137510 2.654827118
-0.062270284 0.024797289 -0.997751355 -47.166175842 -0.008119116 0.999645650 0.025351088 0.466963828 0.998026431 0.009679474 -0.062046885 2.592956543
-0.063849330 0.031161742 -0.997473061 -48.000503540 -0.005898084 0.999483109 0.031602085 0.465706468 0.997942269 0.007900949 -0.063632607 2.527839661
-0.065901160 0.034790099 -0.997219503 -48.834655762 -0.003308266 0.999378860 0.035084061 0.478786111 0.997820735 0.005611146 -0.065745115 2.476272583
-0.067248821 0.033811606 -0.997163236 -49.660079956 -0.003444255 0.999411821 0.034120135 0.487549663 0.997730374 0.005729021 -0.067092896 2.409080505
-0.068477869 0.029776722 -0.997208297 -50.470008850 -0.006735698 0.999517918 0.030308228 0.499319792 0.997630060 0.008792330 -0.068244219 2.338150024
-0.069365144 0.026530445 -0.997238576 -51.273849487 -0.011295280 0.999561310 0.027377911 0.502273083 0.997527480 0.013163161 -0.069035053 2.259059906
-0.071028590 0.025202349 -0.997155905 -52.093872070 -0.015350513 0.999534726 0.026355907 0.510262012 0.997356176 0.017178874 -0.070608616 2.189571381
-0.072033525 0.026261413 -0.997056544 -52.906188965 -0.016778361 0.999479949 0.027537419 0.515877545 0.997261167 0.018712590 -0.071555495 2.115261078
-0.072824240 0.027758155 -0.996958554 -53.716144562 -0.017070014 0.999431491 0.029073913 0.520576477 0.997198820 0.019135375 -0.072308898 2.045463562
-0.073634982 0.027383702 -0.996909320 -54.514633179 -0.019164154 0.999399543 0.028867632 0.526205242 0.997101188 0.021230586 -0.073065996 1.971080780
-0.074378490 0.027263654 -0.996857345 -55.320350647 -0.019757047 0.999389708 0.028807046 0.528225899 0.997034371 0.021837583 -0.073794484 1.901222229
-0.074912429 0.028929999 -0.996770322 -56.112541199 -0.017855601 0.999379933 0.030347679 0.537340641 0.997030199 0.020071354 -0.074349403 1.832836151
-0.075139642 0.031806119 -0.996665776 -56.902122498 -0.017249819 0.999300182 0.033190675 0.546650887 0.997023940 0.019686235 -0.074538469 1.764484406
-0.075309515 0.035975229 -0.996511042 -57.689914703 -0.017254099 0.999152362 0.037374534 0.556244612 0.997010946 0.020008560 -0.074625015 1.693244934
-0.076028228 0.038288258 -0.996370256 -58.465469360 -0.017301144 0.999061406 0.039711837 0.561769605 0.996955514 0.020257566 -0.075294375 1.627986908
-0.076715350 0.038104344 -0.996324837 -59.243831635 -0.016828859 0.999077618 0.039505426 0.575518012 0.996911168 0.019797673 -0.076003313 1.559417725
-0.077173471 0.036021587 -0.996366858 -60.000694275 -0.015822506 0.999177039 0.037348714 0.586269855 0.996892214 0.018647343 -0.076539993 1.496292114
-0.077270269 0.032384802 -0.996484160 -60.749549866 -0.015402303 0.999314249 0.033671118 0.602265000 0.996891260 0.017949926 -0.076718569 1.424697876
-0.077000976 0.029934853 -0.996581554 -61.488159180 -0.016295960 0.999377847 0.031277958 0.601930976 0.996897876 0.018648688 -0.076465249 1.361106873
-0.075810909 0.027528208 -0.996742189 -62.215145111 -0.016690660 0.999443769 0.028872289 0.610994697 0.996982574 0.018825117 -0.075309277 1.296127319
-0.073590755 0.026854528 -0.996926904 -62.918354034 -0.019059477 0.999416947 0.028328530 0.614436388 0.997106373 0.021085624 -0.073036075 1.232948303
-0.069474220 0.027826538 -0.997195542 -63.607841492 -0.019353492 0.999385178 0.029235989 0.619023323 0.997395933 0.021330364 -0.068892956 1.178092957
-0.063968658 0.029242687 -0.997523427 -64.284072876 -0.018777328 0.999358356 0.030500621 0.624853969 0.997775257 0.020681906 -0.063378572 1.137039185
-0.056748390 0.030939270 -0.997909069 -64.946296692 -0.018098136 0.999323606 0.032012317 0.627438545 0.998224556 0.019876935 -0.056149960 1.096557617
-0.048025012 0.032258913 -0.998325109 -65.589424133 -0.019165250 0.999264598 0.033211228 0.628955960 0.998662293 0.020728117 -0.047371387 1.060760498
-0.036577702 0.033785436 -0.998759687 -66.215934753 -0.021332957 0.999174178 0.034580741 0.637805223 0.999103189 0.022571377 -0.035826802 1.032249451
-0.022162557 0.035560753 -0.999121904 -66.831329346 -0.024491068 0.999047995 0.036101386 0.639128566 0.999454558 0.025269654 -0.021270633 1.019966125
-0.004460096 0.036834497 -0.999311388 -67.391662598 -0.025702693 0.998987019 0.036937252 0.645482063 0.999659598 0.025849737 -0.003508806 1.027816772
0.017361403 0.037541121 -0.999144256 -67.967147827 -0.026751706 0.998954594 0.037069149 0.653186679 0.999491334 0.026085243 0.018347561 1.046531677
0.042672694 0.038108554 -0.998362124 -68.506294250 -0.026281672 0.998969316 0.037008382 0.656175971 0.998743474 0.024659373 0.043630302 1.080566406
0.071496904 0.037270080 -0.996744275 -69.029350281 -0.024506766 0.999065638 0.035598997 0.666826010 0.997139692 0.021881759 0.072343469 1.137943268
0.104822695 0.037279744 -0.993791997 -69.533134460 -0.023179641 0.999117255 0.035034578 0.670594573 0.994220793 0.019363318 0.105594337 1.212566376
0.141244173 0.037459582 -0.989265800 -69.963325500 -0.023178950 0.999135017 0.034523875 0.676429987 0.989703357 0.018053848 0.141990304 1.304241180
0.181870162 0.037479073 -0.982608140 -70.432868958 -0.022708228 0.999166965 0.033907622 0.676217020 0.983060360 0.016146502 0.182569742 1.409500122
0.226310194 0.038089287 -0.973310351 -70.871597290 -0.021963308 0.999180675 0.033994872 0.683425605 0.973807693 0.013683729 0.226961315 1.536067963
0.274376452 0.036945548 -0.960912287 -71.270477295 -0.018756341 0.999277174 0.033064976 0.679357052 0.961439312 0.008950952 0.274871111 1.661911011
0.323767006 0.032205585 -0.945588589 -71.645477295 -0.010641776 0.999481261 0.030397391 0.669954717 0.946077049 0.000221069 0.323941767 1.825534821
0.373785496 0.027581008 -0.927105010 -72.023788452 -0.005418631 0.999605656 0.027553217 0.661513090 0.927499354 -0.005275354 0.373787522 2.016700745
0.424599707 0.022545986 -0.905100465 -72.394485474 -0.000244106 0.999692678 0.024787759 0.672933161 0.905381203 -0.010303934 0.424474716 2.232269287
0.474994957 0.022116015 -0.879710555 -72.765548706 -0.000555808 0.999691486 0.024832243 0.678561568 0.879988372 -0.011306241 0.474860728 2.461914062
0.523159385 0.020778418 -0.851981521 -73.141967773 0.000720855 0.999691606 0.024823463 0.685444117 0.852234542 -0.013600784 0.522983074 2.712060928
0.566603959 0.016251028 -0.823830068 -73.476715088 0.009150855 0.999619722 0.026012357 0.686368346 0.823939502 -0.022277456 0.566239834 3.002611160
0.609847426 0.009622300 -0.792460501 -73.812065125 0.019529134 0.999440193 0.027164396 0.687645316 0.792278230 -0.032042205 0.609318137 3.309244156
0.649733186 0.003578648 -0.760153949 -74.123077393 0.021764431 0.999491394 0.023308305 0.697964013 0.759850740 -0.031688496 0.649324775 3.640735626
0.690719247 -0.000949194 -0.723122418 -74.442184448 0.018565452 0.999692798 0.016421301 0.700043797 0.722884715 -0.024767602 0.690524638 3.960645676
0.730202794 -0.007768543 -0.683186293 -74.724761963 0.015581642 0.999864638 0.005284457 0.702903569 0.683052719 -0.014503890 0.730225027 4.305514336
0.767978609 -0.009703834 -0.640402019 -74.951782227 0.010585871 0.999940932 -0.002457111 0.697146714 0.640388072 -0.004892203 0.768036008 4.646487236
0.804018974 -0.010387644 -0.594512880 -75.200431824 0.009023371 0.999945402 -0.005268373 0.692614138 0.594535172 -0.001128639 0.804068804 5.047327995
0.837217569 -0.011738858 -0.546743989 -75.426788330 0.009320796 0.999930680 -0.007196258 0.691841662 0.546790540 0.000928745 0.837268949 5.456750393
0.867393434 -0.010321357 -0.497515947 -75.664199829 0.006528781 0.999934852 -0.009361837 0.685411692 0.497580171 0.004872224 0.867404342 5.910165787
0.892789543 -0.008787603 -0.450388283 -75.876060486 0.005808801 0.999951184 -0.007995628 0.672177732 0.450436562 0.004522197 0.892796993 6.394498825
0.913465083 -0.003036212 -0.406905740 -76.067939758 0.000237395 0.999975979 -0.006928599 0.661291063 0.406917006 0.006232437 0.913443863 6.893387794
0.930725455 0.002062381 -0.365712851 -76.266990662 -0.005568678 0.999948084 -0.008533023 0.653911710 0.365676284 0.009978439 0.930688620 7.411154270
0.944397628 0.007117337 -0.328728467 -76.479103088 -0.009989290 0.999925256 -0.007048540 0.642177582 0.328653753 0.009940389 0.944398165 7.944103241
0.954258084 0.007617260 -0.298887104 -76.644805908 -0.009640027 0.999939501 -0.005293886 0.632498085 0.298828721 0.007933013 0.954273820 8.516299248
0.961485624 0.006925458 -0.274767995 -76.806838989 -0.008314895 0.999957860 -0.003892321 0.619375944 0.274729460 0.006027078 0.961502671 9.108867645
0.967189968 0.007105348 -0.253954798 -76.962562561 -0.007799093 0.999968112 -0.001725044 0.608298779 0.253934443 0.003649063 0.967214525 9.699774742
0.971738398 0.009389185 -0.235873550 -77.114212036 -0.009484430 0.999954760 0.000730795 0.601109326 0.235869735 0.001526984 0.971783459 10.325240135
0.975294292 0.014655317 -0.220422938 -77.270736694 -0.014534110 0.999891996 0.002171732 0.593518853 0.220430970 0.001085573 0.975401998 10.968429565
0.978081465 0.018271526 -0.207419321 -77.420837402 -0.017980505 0.999832928 0.003288385 0.587137699 0.207444757 0.000513196 0.978246570 11.627304077
0.980715692 0.016446400 -0.194746673 -77.551406860 -0.016170869 0.999864757 0.003004680 0.581291258 0.194769740 0.000202486 0.980848968 12.302421570
0.983300567 0.016364958 -0.181251645 -77.678489685 -0.016154936 0.999866009 0.002635057 0.574117124 0.181270495 0.000337055 0.983433247 12.991406441
0.985839367 0.017036473 -0.166824907 -77.801071167 -0.016766146 0.999854863 0.003028767 0.565798044 0.166852280 -0.000188867 0.985981882 13.699870110
0.988056183 0.018647661 -0.152961627 -77.930610657 -0.018333226 0.999825954 0.003465953 0.561776638 0.152999625 -0.000620276 0.988226056 14.435114861
0.989948869 0.018977530 -0.140146568 -78.043273926 -0.019085672 0.999817669 0.000572473 0.551665246 0.140131891 0.002108072 0.990130603 15.167457581
0.991324842 0.019681426 -0.129952699 -78.128578186 -0.020404365 0.999782860 -0.004233870 0.529994071 0.129841149 0.006848743 0.991511166 15.903293610
0.992566109 0.017487016 -0.120443724 -78.222488403 -0.018858114 0.999769568 -0.010253252 0.519292653 0.120236680 0.012448371 0.992667198 16.653680801
0.993494093 0.017751256 -0.112491690 -78.310729980 -0.019041389 0.999764562 -0.010404589 0.503234327 0.112280510 0.012478895 0.993598163 17.414026260
0.994212747 0.019638546 -0.105618902 -78.402740479 -0.020220863 0.999785662 -0.004445255 0.488718122 0.105508961 0.006555234 0.994396746 18.190504074
0.994653642 0.023955852 -0.100450270 -78.501670837 -0.023716539 0.999712348 0.003576086 0.472991079 0.100507043 -0.001174634 0.994935632 18.976552963
0.995014548 0.024761343 -0.096606955 -78.580604553 -0.024181288 0.999681890 0.007170625 0.458935767 0.096753776 -0.004798796 0.995296776 19.756084442
0.995375216 0.023344142 -0.093183622 -78.667068481 -0.022854222 0.999718845 0.006321419 0.446027040 0.093304984 -0.004162544 0.995628893 20.541196823
0.995644391 0.023415204 -0.090243950 -78.743377686 -0.023024483 0.999720514 0.005368362 0.432546288 0.090344422 -0.003267159 0.995905221 21.328248978
0.995919585 0.021929447 -0.087540060 -78.816123962 -0.021357913 0.999744058 0.007460240 0.424291342 0.087681249 -0.005560127 0.996133089 22.111406326
0.996191859 0.019908115 -0.084885068 -78.892105103 -0.019127252 0.999767005 0.010002522 0.412001371 0.085064426 -0.008340812 0.996340513 22.891201019
0.996460736 0.018428342 -0.082014404 -78.959655762 -0.017531527 0.999778509 0.011641650 0.397896945 0.082210772 -0.010162610 0.996563137 23.670026779
0.996729910 0.017287152 -0.078934290 -79.033180237 -0.016699053 0.999827743 0.008104555 0.390519798 0.079060800 -0.006759925 0.996846855 24.434154510
0.996763825 0.019474836 -0.077990830 -79.099227905 -0.019481638 0.999809980 0.000673709 0.388099730 0.077989131 0.000847860 0.996953845 25.209474564
0.996880770 0.020158553 -0.076304138 -79.168632507 -0.020749325 0.999760509 -0.006957410 0.374474049 0.076145612 0.008518968 0.997060299 25.972927094
0.996944427 0.021085974 -0.075214550 -79.234306335 -0.021948915 0.999702215 -0.010664891 0.353431493 0.074967273 0.012283182 0.997110367 26.742782593
0.997080743 0.022344640 -0.073011458 -79.301124573 -0.023068782 0.999692559 -0.009089941 0.333703279 0.072785899 0.010747691 0.997289658 27.514881134
0.997186244 0.025647795 -0.070440263 -79.375137329 -0.026053512 0.999648809 -0.004846908 0.309478223 0.070291214 0.006668486 0.997504234 28.290748596
0.997258425 0.028852180 -0.068140522 -79.440612793 -0.028931011 0.999581397 -0.000170107 0.292350352 0.068107083 0.002141015 0.997675717 29.062017441
0.997488678 0.026456503 -0.065699272 -79.499412537 -0.026399750 0.999649942 0.001731968 0.275889397 0.065722100 0.000006826 0.997837961 29.833419800
0.997630060 0.024250736 -0.064391077 -79.556228638 -0.024209011 0.999705911 0.001428277 0.264585108 0.064406775 0.000133952 0.997923732 30.607509613
0.997736514 0.022383288 -0.063409895 -79.607498169 -0.022344468 0.999749482 0.001321356 0.251085281 0.063423581 0.000098495 0.997986674 31.375013351
0.997804999 0.021888748 -0.062498722 -79.662765503 -0.021944659 0.999759138 -0.000208228 0.232990324 0.062479112 0.001579284 0.998045027 32.135997772
0.997898698 0.020108877 -0.061593700 -79.717636108 -0.020233475 0.999794304 -0.001399798 0.215461880 0.061552882 0.002643111 0.998100340 32.889667511
0.997945607 0.019321147 -0.061083592 -79.772972107 -0.019453021 0.999809563 -0.001564896 0.208585128 0.061041724 0.002749941 0.998131454 33.679153442
0.997940540 0.022569846 -0.060044255 -79.836349487 -0.022641739 0.999743521 -0.000517149 0.195302233 0.060017183 0.001875590 0.998195589 34.462886810
0.997950196 0.021969398 -0.060106505 -79.893875122 -0.022097884 0.999754727 -0.001473667 0.181708887 0.060059387 0.002798872 0.998190880 35.246711731
0.997857153 0.021685051 -0.061732095 -79.950523376 -0.021809949 0.999761224 -0.001350024 0.164158955 0.061688077 0.002693505 0.998091817 36.039077759
0.997779608 0.019189956 -0.063777424 -80.008583069 -0.019292619 0.999813378 -0.000994206 0.152262330 0.063746445 0.002222432 0.997963667 36.836326599
0.997546911 0.021300754 -0.066681921 -80.076332092 -0.021426704 0.999769747 -0.001174149 0.137210652 0.066641554 0.002600042 0.997773588 37.636745453
0.997268677 0.024575843 -0.069650941 -80.142143250 -0.024709322 0.999694109 -0.001055372 0.117750674 0.069603696 0.002773517 0.997570872 38.440727234
0.997074723 0.024976607 -0.072237045 -80.217269897 -0.025467068 0.999658406 -0.005876410 0.101568356 0.072065599 0.007698886 0.997370183 39.247859955
0.996858597 0.025874546 -0.074856080 -80.290832520 -0.026640126 0.999602318 -0.009246849 0.086095467 0.074587055 0.011211975 0.997151494 40.069412231
0.996739209 0.025181336 -0.076660484 -80.364944458 -0.026096625 0.999599338 -0.010961099 0.072028160 0.076353759 0.012925937 0.996996999 40.882133484
0.996589303 0.025804317 -0.078383118 -80.448036194 -0.026651651 0.999596894 -0.009783166 0.052605063 0.078099079 0.011838838 0.996875286 41.722297668
0.996439755 0.024111805 -0.080786712 -80.520378113 -0.024910918 0.999650061 -0.008898235 0.030562922 0.080543891 0.010879026 0.996691704 42.561985016
0.996292770 0.023620348 -0.082720995 -80.600181580 -0.024295568 0.999679148 -0.007165397 0.011881217 0.082525209 0.009148587 0.996546984 43.413818359
0.996224105 0.022552833 -0.083838761 -80.681686401 -0.022935383 0.999730468 -0.003602477 0.001513984 0.083734915 0.005511749 0.996472836 44.266132355
0.996149838 0.022321958 -0.084777847 -80.762359619 -0.022286547 0.999750674 0.001364183 -0.016068552 0.084787168 0.000530475 0.996398926 45.130504608
0.996206224 0.022329543 -0.084110215 -80.844131470 -0.022141989 0.999749839 0.003162143 -0.029053092 0.084159784 -0.001287779 0.996451437 45.998188019
0.996331096 0.024998097 -0.081849836 -80.939979553 -0.024801273 0.999686539 0.003420672 -0.043912295 0.081909686 -0.001378142 0.996638775 46.865810394
0.996479332 0.025121123 -0.079986408 -81.018043518 -0.025039526 0.999684393 0.002023144 -0.054239381 0.080011986 -0.000013200 0.996793926 47.734973907
0.996624768 0.022756055 -0.078874968 -81.087638855 -0.022836570 0.999739230 -0.000118816 -0.071379445 0.078851692 0.001919649 0.996884525 48.614292145
0.996830642 0.019124363 -0.077220187 -81.161437988 -0.019331865 0.999811232 -0.001940460 -0.085698307 0.077168494 0.003427120 0.997012198 49.506767273
0.997018039 0.017850531 -0.075075664 -81.238204956 -0.018058375 0.999834776 -0.002090472 -0.098955601 0.075025938 0.003439983 0.997175634 50.387832642
0.997124016 0.015654460 -0.074153066 -81.312278748 -0.015669800 0.999877155 0.000374919 -0.116549410 0.074149825 0.000788123 0.997246802 51.282131195
0.997226417 0.012916113 -0.073298648 -81.382453918 -0.012742523 0.999914765 0.002835423 -0.128102258 0.073329031 -0.001893549 0.997305989 52.172138214
0.997277558 0.012550752 -0.072663315 -81.454620361 -0.012379069 0.999919415 0.002812605 -0.142759278 0.072692759 -0.001905444 0.997352540 53.064849854
0.997335434 0.013775440 -0.071640164 -81.529434204 -0.013822958 0.999904454 -0.000167528 -0.163823307 0.071631007 0.001157361 0.997430503 53.945911407
0.997337043 0.016643122 -0.071005836 -81.606536865 -0.017091034 0.999837637 -0.005705172 -0.187231302 0.070899360 0.006903543 0.997459590 54.814464569
0.997358620 0.018297387 -0.070291840 -81.674171448 -0.019132635 0.999753892 -0.011227673 -0.206559390 0.070069104 0.012542885 0.997463286 55.695999146
0.997329950 0.023058422 -0.069291636 -81.756858826 -0.024260778 0.999568462 -0.016560832 -0.239032239 0.068879873 0.018197682 0.997458994 56.553020477
0.997413874 0.023007983 -0.068089537 -81.826202393 -0.024247378 0.999553978 -0.017432179 -0.265432298 0.067658089 0.019038090 0.997526884 57.417098999
0.997497261 0.019959239 -0.067829661 -81.894836426 -0.020774076 0.999720037 -0.011328877 -0.292303413 0.067584552 0.012709622 0.997632623 58.286838531
0.997468054 0.019200802 -0.068474963 -81.970939636 -0.019439939 0.999807000 -0.002827618 -0.315582335 0.068407454 0.004151607 0.997648835 59.180374146
0.997424304 0.017900707 -0.069457762 -82.042282104 -0.017610988 0.999833465 0.004781334 -0.336571395 0.069531783 -0.003545799 0.997573435 60.040092468
0.997279525 0.016281081 -0.071892001 -82.110214233 -0.016131040 0.999866307 0.002667183 -0.356289446 0.071925811 -0.001500234 0.997408867 60.899822235
0.997164428 0.011502839 -0.074369542 -82.167381287 -0.011600266 0.999932349 -0.000878215 -0.371963322 0.074354403 0.001738432 0.997230351 61.742877960
0.996981144 0.010296301 -0.076958083 -82.237640381 -0.010502755 0.999942243 -0.002278405 -0.392931879 0.076930180 0.003079799 0.997031748 62.584964752
0.996761203 0.012228301 -0.079482965 -82.321792603 -0.012633840 0.999909580 -0.004601314 -0.412998676 0.079419516 0.005590586 0.996825576 63.424659729
0.996500909 0.013704510 -0.082450487 -82.413002014 -0.014379985 0.999867678 -0.007604213 -0.438484013 0.082335360 0.008763242 0.996566176 64.258247375
0.996118128 0.014483156 -0.086826608 -82.489730835 -0.015499705 0.999818861 -0.011045057 -0.458812505 0.086650915 0.012347969 0.996162236 65.081771851
0.995829523 0.016342957 -0.089757837 -82.583221436 -0.017756172 0.999730289 -0.014968841 -0.484136283 0.089488998 0.016500169 0.995851099 65.902229309
0.995485365 0.021318950 -0.092490204 -82.689353943 -0.022778193 0.999631703 -0.014750303 -0.515170097 0.092141680 0.016790470 0.995604336 66.715225220
0.995050907 0.024093704 -0.096400872 -82.772407532 -0.025475806 0.999589205 -0.013131808 -0.538678885 0.096044876 0.015522707 0.995255947 67.522720337
0.994622588 0.026981186 -0.099989437 -82.873962402 -0.027877346 0.999582648 -0.007575937 -0.561923981 0.099743299 0.010322638 0.994959652 68.340072632
0.994184315 0.027478268 -0.104127213 -82.970787048 -0.027825786 0.999611020 -0.001885971 -0.586284280 0.104034886 0.004772424 0.994562209 69.150672913
0.993659019 0.026291931 -0.109318256 -83.061470032 -0.026229503 0.999653935 0.002009286 -0.609986842 0.109333254 0.000870818 0.994004786 69.961456299
0.992959380 0.025744818 -0.115624025 -83.169364929 -0.025584800 0.999668539 0.002868067 -0.623319626 0.115659535 0.000110344 0.993288934 70.763191223
0.992366254 0.023794590 -0.121008448 -83.282661438 -0.023159292 0.999709666 0.006653931 -0.637034714 0.121131644 -0.003800667 0.992629170 71.560714722
0.991490841 0.024704138 -0.127810925 -83.382537842 -0.024100779 0.999689877 0.006265319 -0.650759995 0.127926067 -0.003131664 0.991778791 72.352523804
0.990603566 0.029496780 -0.133545995 -83.511001587 -0.029037038 0.999563813 0.005389310 -0.664132297 0.133646712 -0.001460890 0.991027951 73.138084412
0.989759326 0.031382758 -0.139253542 -83.645599365 -0.031477243 0.999503314 0.001524400 -0.671499133 0.139232218 0.002874529 0.990255594 73.916252136
0.988892376 0.030309297 -0.145510107 -83.759414673 -0.030797329 0.999525070 -0.001101933 -0.685886741 0.145407587 0.005571016 0.989356160 74.678276062
0.988070846 0.031810742 -0.150678903 -83.894729614 -0.032499943 0.999469519 -0.002112947 -0.703208447 0.150531754 0.006984796 0.988580525 75.456405640
0.987321794 0.033950314 -0.155058071 -84.036598206 -0.033931535 0.999420345 0.002768561 -0.714330018 0.155062184 0.002527898 0.987901449 76.243011475
0.986328125 0.034542132 -0.161132455 -84.170394897 -0.033864904 0.999402285 0.006948189 -0.726175070 0.161276147 -0.001396460 0.986908317 77.017295837
0.985341847 0.033663999 -0.167236775 -84.313446045 -0.032557771 0.999426067 0.009352874 -0.743708551 0.167455658 -0.003770923 0.985872388 77.784774780
0.984238207 0.031359069 -0.174045339 -84.462898254 -0.030834876 0.999508142 0.005715648 -0.756542921 0.174138963 -0.000258893 0.984721065 78.544982910
0.982749045 0.028986786 -0.182658255 -84.611343384 -0.029757267 0.999556065 -0.001478215 -0.764232397 0.182534307 0.006888125 0.983175337 79.295791626
0.981099725 0.026309878 -0.191705912 -84.771316528 -0.027457790 0.999617398 -0.003333329 -0.774728537 0.191544861 0.008534149 0.981446743 80.051361084
0.978961229 0.026277697 -0.202347189 -84.939735413 -0.026917532 0.999637544 -0.000410419 -0.790475368 0.202263072 0.005848471 0.979313791 80.804664612
0.976712465 0.026339030 -0.212929636 -85.126831055 -0.025697509 0.999653041 0.005780375 -0.802704096 0.213008016 -0.000174003 0.977050424 81.554031372
0.974124849 0.028148947 -0.224250898 -85.305976868 -0.025812058 0.999577701 0.013346189 -0.811750829 0.224531889 -0.007212478 0.974440038 82.277412415
0.971487582 0.028888408 -0.235324025 -85.500442505 -0.025652459 0.999529719 0.016801426 -0.820868194 0.235698715 -0.010285737 0.971771717 83.015235901
0.968604326 0.032179702 -0.246516094 -85.711128235 -0.030035697 0.999471247 0.012453472 -0.831556737 0.246786505 -0.004658205 0.969058692 83.743324280
0.965546846 0.031812858 -0.258277416 -85.924209595 -0.031971015 0.999482334 0.003588679 -0.843658507 0.258257896 0.004792353 0.966064155 84.457000732
0.962304890 0.029107608 -0.270410955 -86.131393433 -0.030610789 0.999530494 -0.001342289 -0.840789557 0.270244926 0.009569184 0.962744057 85.174674988
0.958963871 0.028063469 -0.282135993 -86.360656738 -0.028244028 0.999595165 0.003427800 -0.847168326 0.282117963 0.004681519 0.959368289 85.900550842
0.955635130 0.029395903 -0.293082535 -86.603347778 -0.027418889 0.999565125 0.010852453 -0.858524799 0.293274105 -0.002334988 0.956025541 86.625099182
0.952007949 0.029145991 -0.304682434 -86.854690552 -0.025479626 0.999547243 0.016003512 -0.863575339 0.305010915 -0.007472277 0.952319562 87.350196838
0.948065877 0.026840998 -0.316939533 -87.119171143 -0.023442743 0.999619544 0.014531235 -0.872362137 0.317208976 -0.006346636 0.948334455 88.082344055
0.944047511 0.024899106 -0.328868300 -87.360031128 -0.022848448 0.999687910 0.010099229 -0.880747378 0.329017133 -0.002020022 0.944321811 88.803817749
0.941024661 0.020980926 -0.337686837 -87.629547119 -0.021070600 0.999772191 0.003400176 -0.891206086 0.337681234 0.003915614 0.941252410 89.508079529
0.938220322 0.016841438 -0.345628381 -87.901573181 -0.018850759 0.999819279 -0.002452839 -0.896868110 0.345524609 0.008816660 0.938368261 90.217330933
0.935802281 0.017027767 -0.352113903 -88.190429688 -0.019841116 0.999793530 -0.004382416 -0.910034895 0.351966560 0.011087406 0.935946941 90.917732239
0.932793260 0.022125533 -0.359732062 -88.483894348 -0.025384787 0.999668360 -0.004338134 -0.927002966 0.359516770 0.013178304 0.933045566 91.613632202
0.929699242 0.023397999 -0.367575705 -88.781707764 -0.025903367 0.999662697 -0.001883244 -0.947244823 0.367407650 0.011272297 0.929991722 92.354774475
0.926574826 0.023760272 -0.375359267 -89.082702637 -0.023776548 0.999706745 0.004589081 -0.952493846 0.375358224 0.004672620 0.926868081 93.071594238
0.923849344 0.026014952 -0.381871283 -89.389053345 -0.022861093 0.999656796 0.012794407 -0.963257968 0.382073075 -0.003090110 0.924126983 93.787582397
0.921362281 0.036161289 -0.387019247 -89.721023560 -0.031089589 0.999329090 0.019358866 -0.973865867 0.387459636 -0.005804263 0.921868384 94.493438721
0.918687403 0.042463496 -0.392696172 -90.050605774 -0.039168220 0.999097943 0.016404144 -0.971981347 0.393038511 0.000310925 0.919521987 95.202186584
0.916373432 0.038948763 -0.398425221 -90.371917725 -0.038549855 0.999216020 0.009015908 -0.973083198 0.398464024 0.007097298 0.917156518 95.902297974
0.914356470 0.031403262 -0.403690517 -90.685630798 -0.033655029 0.999432385 0.001517855 -0.978402197 0.403509021 0.012198355 0.914894342 96.609870911
0.912808895 0.032031793 -0.407128900 -91.016349792 -0.034675840 0.999398232 0.000884495 -0.984116554 0.406912237 0.013310160 0.913370311 97.306762695
0.910741687 0.038890366 -0.411141247 -91.367271423 -0.039793815 0.999187648 0.006364925 -1.001654387 0.411054760 0.010564074 0.911549449 98.010673523
0.908154666 0.041166130 -0.416605920 -91.700988770 -0.040545728 0.999124169 0.010341387 -1.005459905 0.416666776 0.007500011 0.909028351 98.738075256
0.905993581 0.037573501 -0.421620518 -92.038223267 -0.037458751 0.999261498 0.008558329 -1.018847466 0.421630740 0.008039584 0.906732023 99.443923950
0.903810680 0.036179677 -0.426400393 -92.391799927 -0.038792931 0.999243975 0.002558294 -1.031713128 0.426170588 0.014229105 0.904530942 100.141281128
0.901709735 0.033380870 -0.431051403 -92.733848572 -0.038911797 0.999234557 -0.004017681 -1.039585352 0.430587351 0.020395765 0.902318418 100.828445435
