1.000000000 0.000000000 0.000000000 0.000000000 0.000000000 1.000000000 0.000000000 0.000000000 0.000000000 0.000000000 1.000000000 0.000000000
0.999999940 -0.000124672 0.000243471 -0.023226352 0.000124337 0.999999046 0.001374564 -0.011897238 -0.000243642 -0.001374534 0.999999046 1.314161897
0.999998331 -0.001788928 -0.000412319 -0.017292067 0.001789561 0.999997199 0.001541803 -0.035596766 0.000409560 -0.001542538 0.999998748 2.626704216
0.999994755 -0.003194784 -0.000484936 -0.023569966 0.003195062 0.999994755 0.000572701 -0.053568318 0.000483104 -0.000574248 0.999999702 3.944782972
0.999993443 -0.003607413 -0.000352737 -0.032142412 0.003607666 0.999993205 0.000721731 -0.074716486 0.000350131 -0.000722998 0.999999702 5.260172367
0.999991894 -0.003994005 -0.000452957 -0.036547925 0.003994699 0.999990821 0.001542202 -0.093876868 0.000446793 -0.001543999 0.999998689 6.586465359
0.999985278 -0.005424634 -0.000221007 -0.034813687 0.005425199 0.999981821 0.002642261 -0.111045085 0.000206670 -0.002643421 0.999996483 7.914336681
0.999988258 -0.004842796 -0.000206549 -0.051758949 0.004843392 0.999983788 0.002990322 -0.126561090 0.000192064 -0.002991287 0.999995530 9.247913361
0.999992251 -0.003917395 -0.000448001 -0.061183024 0.003917988 0.999991417 0.001331172 -0.148768187 0.000442782 -0.001332917 0.999998987 10.576607704
0.999998629 -0.001435878 -0.000824595 -0.063638844 0.001435346 0.999998748 -0.000645938 -0.173852056 0.000825522 0.000644754 0.999999464 11.925292015
0.999997556 0.002141948 -0.000549365 -0.078002207 -0.002142722 0.999996722 -0.001411319 -0.195956618 0.000546340 0.001412492 0.999998868 13.263967514
0.999990165 0.004364731 -0.000772280 -0.085378915 -0.004365915 0.999989271 -0.001536962 -0.219685122 0.000765564 0.001540319 0.999998510 14.610988617
0.999983609 0.005684604 -0.000696463 -0.096820049 -0.005685129 0.999983549 -0.000754226 -0.239216447 0.000692165 0.000758174 0.999999464 15.964081764
0.999994993 0.003164139 -0.000151328 -0.104243405 -0.003163832 0.999993026 0.001989007 -0.263107181 0.000157621 -0.001988518 0.999998033 17.315055847
0.999999404 -0.001041240 -0.000251450 -0.107006922 0.001042219 0.999991775 0.003925338 -0.282918155 0.000247361 -0.003925598 0.999992251 18.662940979
0.999994338 -0.003342704 -0.000393958 -0.107018575 0.003343276 0.999993324 0.001459779 -0.298505634 0.000389076 -0.001461088 0.999998868 20.014333725
0.999990761 -0.004271302 -0.000492031 -0.116650373 0.004271075 0.999990761 -0.000462078 -0.317227423 0.000494000 0.000459972 0.999999762 21.359825134
0.999998450 -0.001757459 0.000230468 -0.121243842 0.001757935 0.999996305 -0.002081229 -0.341391653 -0.000226809 0.002081631 0.999997795 22.727005005
0.999999225 0.000838884 0.000915405 -0.130922273 -0.000838751 0.999999642 -0.000146167 -0.360535830 -0.000915527 0.000145399 0.999999583 24.104480743
0.999998033 0.001411207 0.001385254 -0.139206007 -0.001415766 0.999993563 0.003295520 -0.378944904 -0.001380595 -0.003297475 0.999993622 25.479869843
0.999997556 -0.001016594 0.001955601 -0.139679283 0.001006283 0.999985635 0.005266537 -0.395443588 -0.001960927 -0.005264557 0.999984205 26.853609085
0.999986470 -0.004995149 0.001454725 -0.131534636 0.004990202 0.999981821 0.003384134 -0.409899414 -0.001471603 -0.003376829 0.999993205 28.233728409
0.999986112 -0.005064123 0.001451362 -0.139871970 0.005062456 0.999986529 0.001149412 -0.430093437 -0.001457163 -0.001142048 0.999998271 29.604438782
0.999982476 -0.005471812 0.002252479 -0.150833830 0.005475744 0.999983490 -0.001743373 -0.445252925 -0.002242902 0.001755676 0.999995947 30.978408813
0.999993980 -0.001691891 0.003029103 -0.157002494 0.001698748 0.999996006 -0.002262368 -0.474329591 -0.003025264 0.002267500 0.999992847 32.354068756
0.999994636 -0.000875920 0.003158426 -0.160496965 0.000889296 0.999990642 -0.004235960 -0.501798749 -0.003154686 0.004238746 0.999986053 33.728809357
0.999994218 -0.000109003 0.003403147 -0.162442639 0.000121364 0.999993384 -0.003632204 -0.528146029 -0.003402728 0.003632596 0.999987602 35.113307953
0.999994338 0.000270993 0.003358499 -0.172978774 -0.000263202 0.999997258 -0.002320018 -0.557145774 -0.003359118 0.002319121 0.999991655 36.481830597
0.999994338 0.001411977 0.003053820 -0.171378046 -0.001409839 0.999998748 -0.000702163 -0.584456861 -0.003054808 0.000697853 0.999995112 37.887805939
0.999985397 0.004264791 0.003324219 -0.188762844 -0.004263897 0.999990880 -0.000276139 -0.608478963 -0.003325367 0.000261961 0.999994457 39.266227722
0.999971330 0.006778135 0.003382875 -0.188523978 -0.006775201 0.999976635 -0.000878058 -0.629901826 -0.003388747 0.000855113 0.999993920 40.697742462
0.999951780 0.009187581 0.003475146 -0.203544885 -0.009186969 0.999957800 -0.000191882 -0.655809820 -0.003476762 0.000159946 0.999993920 42.083251953
0.999952078 0.009322072 0.002985558 -0.200805277 -0.009321223 0.999956489 -0.000298332 -0.676112115 -0.002988209 0.000270488 0.999995470 43.498317719
0.999955952 0.008878987 0.003049897 -0.216629177 -0.008877245 0.999960423 -0.000584377 -0.696381152 -0.003054965 0.000557277 0.999995172 44.902969360
0.999970138 0.007485918 0.001931529 -0.213648960 -0.007484659 0.999971747 -0.000657965 -0.725794077 -0.001936400 0.000643489 0.999997914 46.313785553
0.999975622 0.006907423 0.001047858 -0.221933246 -0.006906929 0.999976039 -0.000474467 -0.749418437 -0.001051110 0.000467218 0.999999344 47.721561432
0.999973834 0.007235333 -0.000015321 -0.225214794 -0.007235319 0.999973536 0.000796381 -0.773423791 0.000021083 -0.000796250 0.999999702 49.137012482
0.999969959 0.007688898 -0.000962882 -0.242329657 -0.007688685 0.999970436 0.000225194 -0.789436758 0.000964585 -0.000217784 0.999999523 50.539031982
0.999967933 0.007733217 -0.002079916 -0.251899630 -0.007731762 0.999969840 0.000706917 -0.813854992 0.002085320 -0.000690813 0.999997616 51.972389221
0.999965370 0.007606129 -0.003378932 -0.263147146 -0.007600123 0.999969542 0.001786926 -0.838630617 0.003392421 -0.001761183 0.999992669 53.393898010
0.999971807 0.006393151 -0.003945271 -0.270378321 -0.006383037 0.999976337 0.002570985 -0.858728290 0.003961614 -0.002545730 0.999988914 54.838539124
0.999977291 0.005204216 -0.004282947 -0.285546958 -0.005193472 0.999983370 0.002515776 -0.873856843 0.004295968 -0.002493476 0.999987662 56.267414093
0.999984860 0.002437743 -0.004935874 -0.293198526 -0.002428333 0.999995232 0.001911623 -0.898309588 0.004940510 -0.001899608 0.999985993 57.688671112
0.999985993 0.000987645 -0.005202420 -0.305763751 -0.000974516 0.999996364 0.002525659 -0.922923744 0.005204896 -0.002520553 0.999983251 59.113994598
0.999989331 -0.000371915 -0.004598876 -0.315814495 0.000386576 0.999994874 0.003187515 -0.949105859 0.004597666 -0.003189259 0.999984324 60.516403198
0.999989986 -0.001420228 -0.004249266 -0.327965319 0.001436930 0.999991238 0.003930258 -0.969805360 0.004243647 -0.003936325 0.999983251 61.939033508
0.999988556 -0.003117912 -0.003629613 -0.335435301 0.003130913 0.999988675 0.003581861 -0.990536928 0.003618404 -0.003593184 0.999987006 63.342227936
0.999985993 -0.004375443 -0.002969303 -0.350817800 0.004384373 0.999985874 0.003007605 -1.011844277 0.002956101 -0.003020581 0.999991059 64.749160767
0.999986947 -0.004355127 -0.002680303 -0.351862937 0.004361921 0.999987304 0.002533746 -1.036206007 0.002669234 -0.002545404 0.999993205 66.146705627
0.999993742 -0.003034204 -0.001820620 -0.366223693 0.003038256 0.999992907 0.002227259 -1.056063652 0.001813850 -0.002232776 0.999995887 67.563087463
0.999999106 0.000412214 -0.001272737 -0.380412936 -0.000407811 0.999993920 0.003458094 -1.080192208 0.001274154 -0.003457572 0.999993205 68.966918945
0.999992907 0.003727731 -0.000499581 -0.388431817 -0.003725216 0.999980807 0.004945067 -1.104475498 0.000518005 -0.004943171 0.999987662 70.358879089
0.999971926 0.007481830 0.000433772 -0.408325255 -0.007484136 0.999956429 0.005583758 -1.127338529 -0.000391977 -0.005586848 0.999984324 71.747673035
0.999928117 0.011954893 0.000935716 -0.426177263 -0.011959559 0.999915242 0.005150239 -1.144856691 -0.000874066 -0.005161059 0.999986291 73.172225952
0.999875546 0.015661741 0.001895921 -0.449879736 -0.015669642 0.999868274 0.004227400 -1.159835458 -0.001829463 -0.004256582 0.999989271 74.550689697
0.999861240 0.016514797 0.002181441 -0.442303658 -0.016524460 0.999853373 0.004488546 -1.188684702 -0.002106993 -0.004523971 0.999987543 75.971412659
0.999854505 0.016866658 0.002552191 -0.447660506 -0.016879154 0.999845266 0.004957112 -1.210763097 -0.002468186 -0.004999470 0.999984443 77.373008728
0.999870420 0.015857149 0.002774472 -0.459997982 -0.015869416 0.999864161 0.004456461 -1.231320143 -0.002703429 -0.004499913 0.999986231 78.758804321
0.999891758 0.014498525 0.002512976 -0.466435015 -0.014507424 0.999888420 0.003559520 -1.252605677 -0.002461088 -0.003595591 0.999990523 80.141456604
0.999899566 0.013990386 0.002259352 -0.469121516 -0.013998456 0.999895573 0.003596542 -1.272939801 -0.002208798 -0.003627808 0.999991000 81.516662598
0.999898732 0.014117300 0.001811694 -0.464971930 -0.014123933 0.999893427 0.003702505 -1.297941446 -0.001759231 -0.003727718 0.999991477 82.907867432
0.999907792 0.013525693 0.001213378 -0.468129456 -0.013529574 0.999903202 0.003250370 -1.318067431 -0.001169297 -0.003266487 0.999993980 84.284744263
0.999907315 0.013598583 0.000698347 -0.488435805 -0.013600978 0.999901235 0.003548616 -1.330919027 -0.000650022 -0.003557785 0.999993443 85.679145813
0.999904513 0.013817416 0.000009066 -0.498942047 -0.013817329 0.999895513 0.004250064 -1.356383681 0.000049660 -0.004249784 0.999990940 87.029151917
0.999938011 0.011047499 -0.001377046 -0.498074204 -0.011039768 0.999923944 0.005500824 -1.378439307 0.001437712 -0.005485281 0.999983907 88.429702759
0.999958336 0.008702897 -0.002758471 -0.505735695 -0.008686755 0.999945402 0.005810533 -1.391706109 0.002808889 -0.005786329 0.999979317 89.810012817
0.999972105 0.006428109 -0.003803169 -0.505912006 -0.006405194 0.999961436 0.006007037 -1.412962317 0.003841636 -0.005982509 0.999974728 91.183776855
0.999978542 0.005185633 -0.004009960 -0.526928961 -0.005163885 0.999971986 0.005415113 -1.433261871 0.004037928 -0.005394290 0.999977291 92.547935486
0.999982476 0.004425370 -0.003925927 -0.543278635 -0.004405950 0.999978065 0.004941481 -1.446553111 0.003947710 -0.004924097 0.999980092 93.902374268
0.999982655 0.004321180 -0.004000403 -0.561750889 -0.004302545 0.999979913 0.004655092 -1.472214103 0.004020439 -0.004637799 0.999981165 95.276100159
0.999983847 0.004068424 -0.003967356 -0.573203087 -0.004051670 0.999982893 0.004221833 -1.493063927 0.003984465 -0.004205690 0.999983191 96.639533997
0.999979436 0.004960625 -0.004059912 -0.577766836 -0.004946345 0.999981582 0.003520143 -1.512905836 0.004077299 -0.003499989 0.999985576 98.005371094
0.999973297 0.006477429 -0.003375836 -0.605172813 -0.006465271 0.999972641 0.003600075 -1.531319857 0.003399062 -0.003578154 0.999987841 99.348381042
0.999969482 0.007127251 -0.003204047 -0.610199273 -0.007110791 0.999961615 0.005119631 -1.550063372 0.003240413 -0.005096691 0.999981761 100.690048218
0.999960721 0.008446424 -0.002683955 -0.640655339 -0.008428796 0.999943256 0.006512733 -1.569187522 0.002738812 -0.006489855 0.999975204 102.010124207
0.999962032 0.008143615 -0.003108089 -0.628717840 -0.008128287 0.999954879 0.004912759 -1.591124654 0.003147957 -0.004887308 0.999983132 103.386474609
0.999962330 0.008226206 -0.002762498 -0.645980716 -0.008219527 0.999963284 0.002420217 -1.605684519 0.002782306 -0.002397419 0.999993265 104.715263367
0.999967039 0.007477908 -0.003170362 -0.649635792 -0.007473423 0.999971032 0.001424261 -1.634525299 0.003180921 -0.001400520 0.999993980 106.059600830
0.999982297 0.005149249 -0.002977532 -0.659210503 -0.005141058 0.999983013 0.002752053 -1.654586792 0.002991653 -0.002736696 0.999991775 107.392066956
0.999992251 0.003168363 -0.002333965 -0.672537804 -0.003157631 0.999984503 0.004587457 -1.673591018 0.002348464 -0.004580052 0.999986768 108.740943909
0.999996960 0.001981883 -0.001477025 -0.681026399 -0.001974325 0.999985039 0.005101476 -1.693842411 0.001487113 -0.005098544 0.999985874 110.084060669
0.999999285 0.001050800 -0.000610201 -0.687903762 -0.001048476 0.999992251 0.003797313 -1.712224841 0.000614186 -0.003796670 0.999992609 111.423950195
0.999994874 0.003176026 0.000402973 -0.709629178 -0.003176701 0.999993563 0.001685566 -1.732674241 -0.000397617 -0.001686838 0.999998510 112.742652893
0.999984503 0.005398855 0.001367432 -0.705735862 -0.005397511 0.999984920 -0.000984471 -1.748289108 -0.001372726 0.000977075 0.999998569 114.082420349
0.999955952 0.008932557 0.002874748 -0.721558988 -0.008929701 0.999959648 -0.001005027 -1.771265388 -0.002883610 0.000979312 0.999995351 115.404434204
0.999946773 0.009445013 0.004148921 -0.718262613 -0.009449321 0.999954820 0.001019893 -1.792958975 -0.004139101 -0.001059043 0.999990880 116.752197266
0.999939084 0.009683229 0.005293900 -0.720421731 -0.009699856 0.999948084 0.003124230 -1.811835527 -0.005263372 -0.003175389 0.999981105 118.085617065
0.999940932 0.009116729 0.005917800 -0.716209173 -0.009138984 0.999951243 0.003744553 -1.833063006 -0.005883373 -0.003798414 0.999975502 119.431739807
0.999928117 0.009841181 0.006850683 -0.711003244 -0.009863559 0.999946117 0.003240445 -1.852145195 -0.006818424 -0.003307784 0.999971271 120.770767212
0.999904633 0.011147819 0.008151210 -0.710079432 -0.011171015 0.999933660 0.002805828 -1.873100042 -0.008119390 -0.002896617 0.999962866 122.111907959
0.999863207 0.013529245 0.009517043 -0.703124106 -0.013550913 0.999905705 0.002215962 -1.886968374 -0.009486166 -0.002344623 0.999952257 123.468902588
0.999849916 0.013904770 0.010336219 -0.700444043 -0.013918168 0.999902368 0.001225423 -1.907001019 -0.010318171 -0.001369101 0.999945819 124.818954468
0.999819160 0.015049743 0.011626632 -0.699686170 -0.015055482 0.999886572 0.000406287 -1.927089691 -0.011619198 -0.000581258 0.999932349 126.156578064
0.999823511 0.013961473 0.012572438 -0.682842791 -0.013967884 0.999902368 0.000422191 -1.950017095 -0.012565316 -0.000597727 0.999920845 127.476539612
0.999811947 0.014079181 0.013335568 -0.674991786 -0.014096715 0.999899864 0.001221735 -1.966883421 -0.013317032 -0.001409493 0.999910355 128.845962524
0.999827325 0.012076295 0.014125280 -0.661232114 -0.012108666 0.999924242 0.002208391 -1.988184929 -0.014097542 -0.002379048 0.999897778 130.189880371
0.999827921 0.011697433 0.014399039 -0.649933100 -0.011732345 0.999928415 0.002342536 -2.005944729 -0.014370606 -0.002511067 0.999893606 131.554443359
0.999850690 0.009427154 0.014480503 -0.632885456 -0.009460493 0.999952734 0.002235564 -2.022145987 -0.014458744 -0.002372223 0.999892652 132.905212402
0.999861598 0.008281983 0.014428159 -0.626864552 -0.008330128 0.999959946 0.003280023 -2.049195766 -0.014400416 -0.003399757 0.999890506 134.247589111
0.999877751 0.006775648 0.014092034 -0.621106327 -0.006813588 0.999973297 0.002646027 -2.061690569 -0.014073730 -0.002741721 0.999897182 135.595870972
0.999904335 0.005289910 0.012782251 -0.608364522 -0.005327947 0.999981463 0.002943578 -2.086903095 -0.012766444 -0.003011399 0.999913990 136.930938721
0.999925077 0.003937723 0.011592110 -0.593596280 -0.003980301 0.999985397 0.003652257 -2.103270054 -0.011577560 -0.003698123 0.999926150 138.291656494
0.999940574 0.002388819 0.010635403 -0.584825277 -0.002428726 0.999990046 0.003740895 -2.120604992 -0.010626361 -0.003766503 0.999936461 139.635253906
0.999953747 0.002021651 0.009405077 -0.579676747 -0.002058223 0.999990344 0.003880469 -2.142538309 -0.009397141 -0.003899647 0.999948263 140.981994629
0.999966264 0.001490661 0.008075222 -0.568245053 -0.001517174 0.999993503 0.003278113 -2.163759947 -0.008070284 -0.003290253 0.999962032 142.335342407
0.999971986 0.001572235 0.007314110 -0.572682261 -0.001593424 0.999994576 0.002891970 -2.181940317 -0.007309523 -0.002903544 0.999969065 143.670593262
0.999978065 -0.001141338 0.006525878 -0.568642735 0.001136417 0.999999046 0.000757732 -2.207655668 -0.006526737 -0.000750300 0.999978423 145.021881104
0.999967694 -0.006378174 0.004888114 -0.544829965 0.006377492 0.999979675 0.000155177 -2.224599600 -0.004889004 -0.000123999 0.999988019 146.375289917
0.999905705 -0.013017192 0.004367812 -0.549199045 0.013008030 0.999913156 0.002119263 -2.239223957 -0.004395020 -0.002062246 0.999988198 147.712570190
0.999790132 -0.020352617 0.002336025 -0.530855000 0.020343903 0.999786198 0.003694809 -2.262392998 -0.002410724 -0.003646509 0.999990463 149.075302124
0.999710500 -0.024029644 0.001242589 -0.523387611 0.024029173 0.999711156 0.000392952 -2.280392170 -0.001251672 -0.000362980 0.999999166 150.415557861
0.999728858 -0.023238204 0.001476583 -0.515249789 0.023242282 0.999725938 -0.002806483 -2.306829691 -0.001410961 0.002840042 0.999994993 151.783050537
0.999798656 -0.019919127 0.002427549 -0.528210700 0.019930536 0.999790013 -0.004769921 -2.335304499 -0.002332027 0.004817343 0.999985695 153.113784790
0.999790490 -0.020209713 0.003255251 -0.528799772 0.020224767 0.999784589 -0.004659947 -2.367172241 -0.003160374 0.004724808 0.999983847 154.464614868
0.999723434 -0.023171797 0.004022165 -0.530576587 0.023177357 0.999730468 -0.001341368 -2.391109467 -0.003989999 0.001434220 0.999991000 155.812622070
0.999583662 -0.028511811 0.004420339 -0.519583285 0.028504828 0.999592304 0.001634517 -2.418241024 -0.004465140 -0.001507835 0.999988914 157.174835205
0.999483347 -0.031801865 0.004650775 -0.518651545 0.031787980 0.999490023 0.003029689 -2.438954353 -0.004744753 -0.002880285 0.999984622 158.506317139
0.999426603 -0.033577979 0.004356287 -0.499880463 0.033566684 0.999432981 0.002639895 -2.456482172 -0.004442459 -0.002492155 0.999987006 159.891159058
0.999474645 -0.031954475 0.005414187 -0.505157292 0.031936005 0.999483883 0.003464531 -2.477030993 -0.005522100 -0.003289803 0.999979317 161.231185913
0.999587059 -0.028031828 0.006315588 -0.493777603 0.028014589 0.999603570 0.002801604 -2.499977827 -0.006391618 -0.002623519 0.999976158 162.606323242
0.999695837 -0.023502998 0.007470334 -0.507305026 0.023502786 0.999723792 0.000116316 -2.510178328 -0.007471005 0.000059293 0.999972105 163.953186035
0.999738336 -0.021141788 0.008736826 -0.526112139 0.021144213 0.999776423 -0.000185259 -2.530563116 -0.008730956 0.000369943 0.999961793 165.269485474
0.999783874 -0.018896120 0.008666306 -0.507211208 0.018889176 0.999821186 0.000882434 -2.558068037 -0.008681430 -0.000718544 0.999962032 166.676513672
0.999816954 -0.017228903 0.008320627 -0.500848293 0.017225411 0.999851525 0.000491344 -2.583939791 -0.008327857 -0.000347927 0.999965250 168.045516968
0.999855280 -0.015118975 0.007798071 -0.495497465 0.015135357 0.999883354 -0.002046073 -2.602380037 -0.007766227 0.002163803 0.999967515 169.401641846
0.999911308 -0.011037439 0.007449431 -0.499141604 0.011075016 0.999926031 -0.005021980 -2.624141693 -0.007393450 0.005104037 0.999959648 170.750289917
0.999956012 -0.005783938 0.007379955 -0.507083476 0.005828953 0.999964476 -0.006092784 -2.656158924 -0.007344452 0.006135534 0.999954224 172.128967285
0.999967754 -0.000975396 0.007967490 -0.518221200 0.001015412 0.999986887 -0.005019800 -2.681103230 -0.007962489 0.005027729 0.999955654 173.476776123
0.999964416 0.001355102 0.008326350 -0.516195476 -0.001330366 0.999994695 -0.002975637 -2.715449810 -0.008330339 0.002964454 0.999960899 174.880264282
0.999963760 0.002247912 0.008211623 -0.510159135 -0.002241844 0.999997199 -0.000748085 -2.739239216 -0.008213282 0.000729649 0.999966025 176.277542114
0.999972284 -0.001293174 0.007332766 -0.501600683 0.001291224 0.999999106 0.000270674 -2.761470079 -0.007333110 -0.000261198 0.999973059 177.664352417
0.999977946 -0.003704200 0.005515800 -0.492036641 0.003701722 0.999993026 0.000459247 -2.785950899 -0.005517463 -0.000438818 0.999984682 179.040069580
0.999985099 -0.003980685 0.003736279 -0.492725194 0.003994850 0.999984860 -0.003791263 -2.810729504 -0.003721130 0.003806132 0.999985814 180.428665161
0.999995053 -0.002585463 0.001793044 -0.486403555 0.002599689 0.999964774 -0.007978035 -2.838235140 -0.001772354 0.007982657 0.999966562 181.829437256
0.999996006 0.002520843 0.001278784 -0.500475585 -0.002509556 0.999958515 -0.008753132 -2.866619110 -0.001300797 0.008749887 0.999960899 183.221954346
0.999981523 0.005975119 0.001107218 -0.508788228 -0.005966170 0.999950886 -0.007916982 -2.897999763 -0.001154469 0.007910230 0.999968052 184.624664307
0.999964774 0.008244040 0.001579711 -0.523988247 -0.008236909 0.999956071 -0.004468577 -2.929228544 -0.001616481 0.004455407 0.999988794 186.019104004
0.999960124 0.008728092 0.001885438 -0.530730188 -0.008723717 0.999959290 -0.002316252 -2.958360672 -0.001905577 0.002299712 0.999995530 187.421035767
0.999965847 0.008059736 0.001833820 -0.530856669 -0.008057154 0.999966562 -0.001411193 -2.979962826 -0.001845132 0.001396370 0.999997318 188.837585449
0.999977767 0.006427251 0.001769081 -0.531307459 -0.006425526 0.999978900 -0.000979056 -3.002493143 -0.001775337 0.000967667 0.999997973 190.252166748
0.999989688 0.003979112 0.002196779 -0.541095555 -0.003977966 0.999991953 -0.000525440 -3.026197910 -0.002198852 0.000516696 0.999997437 191.671813965
0.999997020 0.001183178 0.002140556 -0.527341485 -0.001182093 0.999999166 -0.000507885 -3.048942327 -0.002141156 0.000505353 0.999997556 193.094726562
0.999994993 -0.001825404 0.002587416 -0.535447180 0.001824177 0.999998212 0.000476375 -3.068699360 -0.002588281 -0.000471652 0.999996543 194.517028809
0.999973953 -0.006657130 0.002797000 -0.522119820 0.006651024 0.999975502 0.002186450 -3.094871759 -0.002811487 -0.002167790 0.999993682 195.951644897
0.999952197 -0.009302367 0.003017757 -0.518445134 0.009295985 0.999954522 0.002122011 -3.112730503 -0.003037360 -0.002093856 0.999993205 197.390655518
0.999968588 -0.007160828 0.003401922 -0.519623458 0.007168570 0.999971747 -0.002268775 -3.139314651 -0.003385579 0.002293091 0.999991655 198.821563721
0.999992430 0.000120381 0.003888523 -0.534695685 -0.000091588 0.999972582 -0.007404025 -3.162962914 -0.003889307 0.007403613 0.999965012 200.247436523
0.999937177 0.009920424 0.005214703 -0.549483418 -0.009879997 0.999921381 -0.007721923 -3.191234112 -0.005290898 0.007669917 0.999956608 201.712112427
0.999825418 0.017503908 0.006537029 -0.575168610 -0.017476074 0.999838054 -0.004290900 -3.217769384 -0.006611078 0.004175909 0.999969423 203.136337280
0.999805987 0.018270222 0.007360319 -0.570550919 -0.018257881 0.999831796 -0.001740522 -3.250728607 -0.007390881 0.001605800 0.999971390 204.591232300
0.999839425 0.016569536 0.006824107 -0.570847154 -0.016560683 0.999861956 -0.001351956 -3.270898342 -0.006845566 0.001238727 0.999975801 206.028045654
0.999903619 0.012814624 0.005346349 -0.556918144 -0.012808178 0.999917209 -0.001238298 -3.298982859 -0.005361774 0.001169702 0.999984920 207.510879517
0.999921978 0.011516933 0.004836049 -0.555186033 -0.011507072 0.999931693 -0.002062137 -3.318287611 -0.004859468 0.002006327 0.999986172 208.944183350
0.999920487 0.011881632 0.004221435 -0.554758906 -0.011870847 0.999926209 -0.002570779 -3.344343662 -0.004251668 0.002520463 0.999987781 210.405426025
0.999902368 0.013273377 0.004363106 -0.562655151 -0.013263756 0.999909580 -0.002226724 -3.371656895 -0.004392268 0.002168635 0.999988019 211.868865967
0.999897659 0.013745582 0.003971539 -0.566864729 -0.013740817 0.999904811 -0.001224577 -3.404136658 -0.003987993 0.001169879 0.999991357 213.322753906
0.999895215 0.013907403 0.004010838 -0.576475024 -0.013899113 0.999901235 -0.002087332 -3.423892975 -0.004039472 0.002031366 0.999989808 214.779434204
0.999906123 0.013265669 0.003432908 -0.571952462 -0.013255350 0.999907613 -0.003011366 -3.453532219 -0.003472538 0.002965579 0.999989569 216.261276245
0.999915183 0.012631461 0.003179593 -0.578419328 -0.012620445 0.999914348 -0.003461225 -3.476200819 -0.003223042 0.003420804 0.999988973 217.722106934
0.999914587 0.012729597 0.002968759 -0.584950268 -0.012719433 0.999913275 -0.003417986 -3.507557392 -0.003012011 0.003379934 0.999989748 219.190536499
0.999907374 0.013349198 0.002655129 -0.589656651 -0.013338968 0.999903679 -0.003834087 -3.532466412 -0.002706055 0.003798315 0.999989152 220.680999756
0.999907792 0.013360322 0.002428396 -0.595103204 -0.013350704 0.999903142 -0.003934950 -3.561338425 -0.002480733 0.003902166 0.999989331 222.162857056
0.999901950 0.013908181 0.001635719 -0.588431895 -0.013901124 0.999894321 -0.004249732 -3.591125011 -0.001694652 0.004226577 0.999989629 223.663269043
0.999902189 0.013901296 0.001524012 -0.599255800 -0.013894360 0.999893486 -0.004471656 -3.618649006 -0.001586012 0.004450044 0.999988854 225.142669678
0.999900818 0.014050857 0.000934274 -0.599570036 -0.014046553 0.999891400 -0.004464595 -3.647362471 -0.000996904 0.004451029 0.999989569 226.641021729
0.999913514 0.013125001 0.000851416 -0.607544541 -0.013120971 0.999903440 -0.004578428 -3.674316883 -0.000911426 0.004566860 0.999989152 228.130798340
0.999929965 0.011788319 0.001049702 -0.619529068 -0.011783277 0.999919593 -0.004686567 -3.708405733 -0.001104865 0.004673869 0.999988496 229.628387451
0.999943376 0.010551445 0.001382300 -0.636823177 -0.010545196 0.999934494 -0.004452673 -3.737818718 -0.001429192 0.004437845 0.999989152 231.124084473
0.999958634 0.009016830 0.001216045 -0.625216186 -0.009012393 0.999952912 -0.003606490 -3.770819664 -0.001248507 0.003595382 0.999992728 232.641525269
0.999954164 0.009494636 0.001232119 -0.635535121 -0.009490381 0.999949157 -0.003414832 -3.798709631 -0.001264479 0.003402982 0.999993384 234.153549194
0.999953628 0.009554143 0.001188060 -0.639972568 -0.009549805 0.999947906 -0.003604590 -3.836735010 -0.001222437 0.003593077 0.999992788 235.662109375
0.999947667 0.010125651 0.001480961 -0.645386398 -0.010119367 0.999940038 -0.004190778 -3.866932392 -0.001523306 0.004175573 0.999990106 237.170974731
0.999931753 0.011460812 0.002278298 -0.657661080 -0.011452829 0.999928355 -0.003486970 -3.896393538 -0.002318098 0.003460639 0.999991298 238.668395996
0.999927878 0.011679022 0.002801304 -0.660868406 -0.011674128 0.999930322 -0.001757031 -3.921970606 -0.002821629 0.001724201 0.999994516 240.207977295
0.999922931 0.011870716 0.003630077 -0.670090437 -0.011866316 0.999928832 -0.001231141 -3.947637081 -0.003644433 0.001187971 0.999992669 241.715957642
0.999926329 0.011585041 0.003626131 -0.660246491 -0.011575152 0.999929249 -0.002736333 -3.978329659 -0.003657575 0.002694158 0.999989688 243.243484497
0.999922633 0.011811223 0.003907996 -0.655490160 -0.011794901 0.999921739 -0.004173493 -4.005374908 -0.003956984 0.004127075 0.999983668 244.753341675
0.999919057 0.011959706 0.004346908 -0.660186648 -0.011945113 0.999922991 -0.003367878 -4.041831970 -0.004386852 0.003315681 0.999984860 246.270492554
0.999921679 0.011830811 0.004088528 -0.659841061 -0.011821149 0.999927282 -0.002379397 -4.072130680 -0.004116381 0.002330879 0.999988794 247.799468994
0.999917090 0.012256361 0.003951769 -0.666583002 -0.012248435 0.999922931 -0.002023556 -4.100383759 -0.003976266 0.001974985 0.999990165 249.334915161
0.999912441 0.012666209 0.003831901 -0.668914557 -0.012659343 0.999918222 -0.001810820 -4.135149479 -0.003854524 0.001762153 0.999991000 250.872756958
0.999892533 0.013998352 0.004350007 -0.677202404 -0.013992430 0.999901116 -0.001388970 -4.163690567 -0.004369020 0.001327954 0.999989569 252.401031494
0.999870181 0.015531173 0.004295636 -0.677392662 -0.015522727 0.999877512 -0.001992792 -4.183736801 -0.004326060 0.001925854 0.999988794 253.921936035
0.999864995 0.015774993 0.004603771 -0.683343768 -0.015766811 0.999874055 -0.001808066 -4.209894657 -0.004631713 0.001735235 0.999987781 255.469512939
0.999890864 0.014084600 0.004454815 -0.686382115 -0.014078812 0.999899983 -0.001328086 -4.244337082 -0.004473075 0.001265222 0.999989212 257.003234863
0.999913990 0.012372988 0.004355825 -0.685774744 -0.012372102 0.999923408 -0.000230599 -4.276608944 -0.004358344 0.000176688 0.999990463 258.529907227
0.999941945 0.009941675 0.004158765 -0.675805688 -0.009941756 0.999950588 -0.000001127 -4.293360233 -0.004158570 -0.000040218 0.999991357 260.093750000
0.999958575 0.008184369 0.003986764 -0.676582158 -0.008182242 0.999966383 -0.000549607 -4.324579716 -0.003991128 0.000516963 0.999991894 261.635955811
0.999966323 0.007314704 0.003717428 -0.678448558 -0.007308874 0.999972045 -0.001579465 -4.353503704 -0.003728878 0.001552242 0.999991834 263.183563232
0.999976218 0.005595900 0.004036261 -0.678656399 -0.005596267 0.999984324 0.000079694 -4.381200790 -0.004035751 -0.000102280 0.999991834 264.724426270
0.999978900 0.004003578 0.005117971 -0.691070795 -0.004011082 0.999990880 0.001456640 -4.397981644 -0.005112092 -0.001477138 0.999985814 266.257202148
0.999984562 0.002759414 0.004816930 -0.680577099 -0.002763920 0.999995768 0.000929126 -4.422032833 -0.004814345 -0.000942425 0.999987960 267.816772461
0.999985635 0.002252657 0.004860625 -0.669600070 -0.002251099 0.999997437 -0.000325852 -4.444740295 -0.004861346 0.000314906 0.999988139 269.371154785
0.999978662 0.002789446 0.005902573 -0.674187362 -0.002788641 0.999996126 -0.000144667 -4.479043007 -0.005902953 0.000128204 0.999982595 270.918029785
0.999967515 0.004251170 0.006847376 -0.679167807 -0.004251914 0.999990940 0.000094063 -4.511058807 -0.006846914 -0.000123174 0.999976575 272.453308105
0.999951243 0.006168379 0.007711793 -0.674616635 -0.006163965 0.999980807 -0.000595945 -4.532250881 -0.007715321 0.000548381 0.999970078 274.020660400
0.999931812 0.007509590 0.008944767 -0.675806403 -0.007504484 0.999971688 -0.000604206 -4.565650463 -0.008949051 0.000537038 0.999959826 275.565979004
0.999918520 0.008520588 0.009506048 -0.659575343 -0.008509285 0.999963045 -0.001228945 -4.585804462 -0.009516168 0.001147956 0.999954045 277.125335693
0.999906182 0.009360941 0.010000752 -0.649302065 -0.009340771 0.999954224 -0.002061651 -4.616637707 -0.010019594 0.001968043 0.999947846 278.665985107
0.999907196 0.007674397 0.011257191 -0.644155979 -0.007646997 0.999967694 -0.002474990 -4.638271809 -0.011275821 0.002388676 0.999933600 280.224761963
0.999898553 0.007528777 0.012089791 -0.627334476 -0.007501057 0.999969125 -0.002336611 -4.664539337 -0.012107009 0.002245688 0.999924183 281.783355713
0.999901891 0.005753302 0.012772663 -0.623308182 -0.005736104 0.999982595 -0.001382775 -4.688232422 -0.012780396 0.001309374 0.999917448 283.363983154
0.999905288 0.004802886 0.012897234 -0.607672036 -0.004788582 0.999987900 -0.001139727 -4.716938496 -0.012902552 0.001077860 0.999916196 284.915863037
0.999913216 0.004281328 0.012457936 -0.584560215 -0.004241917 0.999985933 -0.003188197 -4.759693623 -0.012471410 0.003135075 0.999917328 286.472442627
0.999915004 0.003268072 0.012620947 -0.568706572 -0.003196737 0.999978840 -0.005668177 -4.783477783 -0.012639204 0.005627349 0.999904275 288.021636963
0.999926448 0.003231551 0.011689535 -0.551987350 -0.003163795 0.999978125 -0.005810196 -4.815813065 -0.011708056 0.005772785 0.999914765 289.578887939
0.999940693 0.001752184 0.010751151 -0.539532721 -0.001692381 0.999983072 -0.005569027 -4.849797726 -0.010760727 0.005550501 0.999926686 291.157623291
0.999951959 0.001631892 0.009664500 -0.531805873 -0.001572188 0.999979675 -0.006182032 -4.884679317 -0.009674393 0.006166541 0.999934196 292.719879150
0.999957144 0.001873750 0.009064573 -0.523355067 -0.001815352 0.999977589 -0.006446385 -4.919815063 -0.009076448 0.006429654 0.999938130 294.290313721
0.999965191 0.001718294 0.008167813 -0.512829721 -0.001670367 0.999981344 -0.005870929 -4.957158566 -0.008177748 0.005857082 0.999949396 295.871276855
0.999972224 0.001431937 0.007312673 -0.507750332 -0.001389848 0.999982476 -0.005757505 -4.996461868 -0.007320789 0.005747181 0.999956667 297.449218750
0.999980032 0.001016535 0.006232552 -0.500555873 -0.000990073 0.999990463 -0.004247318 -5.030209064 -0.006236811 0.004241063 0.999971569 299.029602051
0.999981046 0.002712887 0.005528049 -0.499110490 -0.002695965 0.999991655 -0.003066308 -5.060313702 -0.005536322 0.003051346 0.999980032 300.627044678
0.999975681 0.002939769 0.006322958 -0.499874592 -0.002920574 0.999991119 -0.003042986 -5.086649895 -0.006331848 0.003024446 0.999975383 302.212127686
0.999969125 0.003427636 0.007071586 -0.489582598 -0.003405648 0.999989331 -0.003119090 -5.119246960 -0.007082202 0.003094910 0.999970138 303.812805176
0.999970615 0.001984817 0.007402111 -0.484692216 -0.001959136 0.999992073 -0.003474976 -5.145106792 -0.007408949 0.003460373 0.999966562 305.415466309
0.999971092 0.000150604 0.007599229 -0.477159470 -0.000117733 0.999990642 -0.004325797 -5.178355694 -0.007599809 0.004324778 0.999961793 307.002105713
0.999968410 -0.001267701 0.007847647 -0.462473899 0.001318077 0.999978542 -0.006417429 -5.208833218 -0.007839344 0.006427570 0.999948621 308.612365723
0.999968648 -0.001697865 0.007737072 -0.459239781 0.001755144 0.999971032 -0.007402445 -5.242001057 -0.007724280 0.007415792 0.999942660 310.222717285
0.999983311 -0.000667289 0.005743681 -0.461807847 0.000715110 0.999965072 -0.008327862 -5.280366898 -0.005737923 0.008331831 0.999948800 311.836914062
0.999993801 0.000422173 0.003503564 -0.463015079 -0.000394900 0.999969661 -0.007781468 -5.309251308 -0.003506743 0.007780036 0.999963582 313.458435059
0.999994755 0.001289750 0.002965095 -0.453819513 -0.001277126 0.999990106 -0.004255242 -5.351450920 -0.002970554 0.004251433 0.999986529 315.101318359
0.999994755 -0.000077338 0.003239016 -0.451684833 0.000082140 0.999998927 -0.001482471 -5.374570370 -0.003238898 0.001482729 0.999993682 316.739990234
0.999993443 -0.001036615 0.003468965 -0.451599360 0.001038820 0.999999285 -0.000633828 -5.406590462 -0.003468305 0.000637427 0.999993801 318.355682373
0.999991953 -0.002195520 0.003348941 -0.446296573 0.002201827 0.999995828 -0.001880542 -5.432111263 -0.003344798 0.001887901 0.999992609 319.985656738
0.999987423 -0.003222451 0.003847922 -0.442493737 0.003229126 0.999993265 -0.001729645 -5.464056492 -0.003842322 0.001742049 0.999991119 321.614013672
0.999986827 -0.003158948 0.004052016 -0.448628366 0.003165372 0.999993742 -0.001579940 -5.491472244 -0.004047000 0.001592745 0.999990523 323.233978271
0.999984980 -0.002484374 0.004881142 -0.446887136 0.002492958 0.999995351 -0.001753331 -5.525635242 -0.004876764 0.001765473 0.999986529 324.844024658
0.999987006 -0.001361439 0.004910668 -0.448320568 0.001374149 0.999995708 -0.002585731 -5.558371544 -0.004907127 0.002592446 0.999984622 326.457855225
0.999981582 0.000016701 0.006073630 -0.449998081 0.000003141 0.999994636 -0.003266886 -5.593245983 -0.006073652 0.003266845 0.999976218 328.091461182
0.999976814 -0.001278326 0.006689212 -0.447844684 0.001286746 0.999998391 -0.001254579 -5.628122807 -0.006687598 0.001263157 0.999976814 329.711395264
0.999973238 -0.002464012 0.006885629 -0.439476728 0.002467661 0.999996841 -0.000521530 -5.651776314 -0.006884322 0.000538507 0.999976158 331.326293945
0.999972343 -0.003799021 0.006395692 -0.428877532 0.003810948 0.999991000 -0.001853743 -5.677667618 -0.006388593 0.001878065 0.999977827 332.948516846
0.999976456 -0.002012079 0.006559111 -0.422446758 0.002024334 0.999996245 -0.001862248 -5.711464882 -0.006555339 0.001875482 0.999976754 334.584411621
0.999981880 -0.000420235 0.006000333 -0.425217897 0.000442846 0.999992788 -0.003767518 -5.745174408 -0.005998706 0.003770107 0.999974906 336.192016602
0.999981999 0.001711752 0.005753445 -0.424565852 -0.001671735 0.999974430 -0.006952970 -5.778276443 -0.005765200 0.006943226 0.999959290 337.800292969
0.999983072 0.002940769 0.005016915 -0.425007939 -0.002908169 0.999974668 -0.006492863 -5.812779427 -0.005035881 0.006478163 0.999966323 339.409667969
0.999982297 0.004192276 0.004225387 -0.438332915 -0.004178827 0.999986172 -0.003186821 -5.847440243 -0.004238689 0.003169107 0.999985993 340.987884521
0.999985874 0.004469655 0.002883733 -0.428129047 -0.004469736 0.999989986 0.000021421 -5.884166241 -0.002883608 -0.000034310 0.999995828 342.619567871
0.999984622 0.005293297 0.001647049 -0.432807297 -0.005290932 0.999984980 -0.001437153 -5.910648346 -0.001654632 0.001428416 0.999997616 344.232421875
0.999989152 0.004650637 -0.000255733 -0.440454155 -0.004651391 0.999984562 -0.003031594 -5.941847801 0.000241630 0.003032750 0.999995351 345.821929932
0.999992311 0.003247328 -0.002208822 -0.440033883 -0.003251170 0.999993205 -0.001737786 -5.970417023 0.002203164 0.001744954 0.999996066 347.424285889
0.999992669 0.001832025 -0.003361187 -0.445442438 -0.001836050 0.999997616 -0.001194804 -6.002913952 0.003358990 0.001200967 0.999993622 349.034606934
0.999992192 0.001688162 -0.003578431 -0.462717772 -0.001695581 0.999996424 -0.002071382 -6.031539917 0.003574922 0.002077433 0.999991477 350.621032715
0.999991238 0.000528730 -0.004159717 -0.468177944 -0.000540971 0.999995530 -0.002942183 -6.063048363 0.004158142 0.002944407 0.999987006 352.223785400
0.999991536 0.000771075 -0.004043645 -0.485954136 -0.000784297 0.999994338 -0.003269112 -6.093608856 0.004041101 0.003272256 0.999986470 353.832794189
0.999993086 0.000280123 -0.003703165 -0.503243625 -0.000293292 0.999993622 -0.003556182 -6.123608112 0.003702145 0.003557243 0.999986827 355.421722412
0.999992788 -0.000124038 -0.003797498 -0.517655075 0.000109526 0.999992669 -0.003821569 -6.164451122 0.003797944 0.003821125 0.999985516 357.020446777
0.999992728 -0.000430461 -0.003789287 -0.534596801 0.000412060 0.999988139 -0.004855665 -6.189802170 0.003791332 0.004854068 0.999981046 358.628692627
0.999990702 -0.001116431 -0.004171574 -0.533597291 0.001098684 0.999990344 -0.004254252 -6.233002663 0.004176283 0.004249629 0.999982238 360.240081787
0.999990761 -0.000947085 -0.004195904 -0.542916715 0.000925728 0.999986649 -0.005088936 -6.267419815 0.004200668 0.005085004 0.999978244 361.841491699
0.999987483 -0.002560907 -0.004291723 -0.552979231 0.002533364 0.999976218 -0.006410874 -6.304562092 0.004308038 0.006399922 0.999970257 363.429626465
0.999982715 -0.004003419 -0.004311556 -0.563968062 0.003983732 0.999981642 -0.004564985 -6.339972019 0.004329752 0.004547730 0.999980271 365.030975342
0.999973059 -0.005765642 -0.004545000 -0.572666526 0.005748269 0.999976158 -0.003826181 -6.371349812 0.004566952 0.003799952 0.999982357 366.630401611
0.999972224 -0.006301304 -0.003975446 -0.592528462 0.006281852 0.999968350 -0.004886747 -6.401258469 0.004006113 0.004861638 0.999980152 368.223571777
0.999982357 -0.005027224 -0.003163769 -0.616031945 0.005009323 0.999971569 -0.005640834 -6.432223797 0.003192037 0.005624886 0.999979079 369.833709717
0.999987125 -0.004000519 -0.003114990 -0.630946100 0.003986999 0.999982655 -0.004334260 -6.476638317 0.003132275 0.004321785 0.999985754 371.414672852
0.999993265 -0.002639610 -0.002549756 -0.651079595 0.002630465 0.999990106 -0.003583433 -6.508515358 0.002559189 0.003576702 0.999990344 373.014129639
0.999994457 -0.002379488 -0.002339642 -0.657157183 0.002370925 0.999990523 -0.003656100 -6.545687199 0.002348319 0.003650532 0.999990582 374.614562988
0.999995947 -0.002087917 -0.001946410 -0.676912963 0.002078782 0.999986887 -0.004683561 -6.572500229 0.001956163 0.004679495 0.999987125 376.208251953
0.999995470 -0.002444931 -0.001746778 -0.685858667 0.002437089 0.999987006 -0.004477318 -6.614308357 0.001757702 0.004473040 0.999988437 377.807495117
0.999994993 -0.002606734 -0.001802884 -0.687395036 0.002599180 0.999987900 -0.004180031 -6.655487061 0.001813758 0.004175324 0.999989629 379.430236816
0.999999166 -0.000322844 -0.001231432 -0.705344975 0.000317103 0.999989092 -0.004659841 -6.678071499 0.001232923 0.004659447 0.999988377 381.034576416
0.999999166 0.001028853 -0.000774565 -0.716828763 -0.001031692 0.999992728 -0.003674042 -6.713118076 0.000770780 0.003674838 0.999992967 382.640045166
0.999994040 0.003445077 -0.000116115 -0.737913847 -0.003445615 0.999981523 -0.005005540 -6.744239807 0.000098868 0.005005910 0.999987483 384.286682129
