1.000000000 0.000000000 0.000000000 0.000000000 0.000000000 1.000000000 0.000000000 0.000000000 0.000000000 0.000000000 1.000000000 0.000000000
0.999996543 -0.002264376 -0.001314903 -0.006434516 0.002268154 0.999993265 0.002879655 -0.015567642 0.001308373 -0.002882628 0.999994993 1.525182724
0.999992549 -0.002811674 -0.002655641 -0.016680663 0.002821535 0.999989092 0.003717021 -0.032512471 0.002645161 -0.003724486 0.999989569 3.049253941
0.999990463 -0.001701408 -0.004024825 -0.031550813 0.001714650 0.999993145 0.003288938 -0.043348271 0.004019201 -0.003295808 0.999986470 4.565651894
0.999983668 -0.001006622 -0.005624544 -0.049111873 0.001024873 0.999994218 0.003243047 -0.060058754 0.005621247 -0.003248758 0.999978900 6.069992542
0.999974430 -0.001116803 -0.007063109 -0.060008235 0.001141622 0.999993205 0.003510887 -0.076000303 0.007059140 -0.003518860 0.999968886 7.578787804
0.999958634 -0.001591603 -0.008953725 -0.083239414 0.001627478 0.999990702 0.004000915 -0.091263503 0.008947273 -0.004015322 0.999951899 9.077845573
0.999941647 -0.003139243 -0.010333897 -0.099840328 0.003170619 0.999990404 0.003021289 -0.105341204 0.010324312 -0.003053878 0.999942064 10.587413788
0.999919534 -0.004499862 -0.011858381 -0.124630265 0.004540156 0.999984026 0.003373193 -0.120872915 0.011843013 -0.003426761 0.999924004 12.068934441
0.999908030 -0.003896491 -0.012992108 -0.147802755 0.003938459 0.999987125 0.003206284 -0.136648774 0.012979448 -0.003257158 0.999910474 13.570655823
0.999897182 -0.003602741 -0.013880115 -0.183586225 0.003647881 0.999988139 0.003228182 -0.150605068 0.013868320 -0.003278483 0.999898434 15.052212715
0.999885261 -0.002410986 -0.014955335 -0.195344537 0.002470476 0.999989092 0.003960603 -0.171826616 0.014945623 -0.003997096 0.999880314 16.516990662
0.999880493 -0.000556632 -0.015447989 -0.227275923 0.000629778 0.999988616 0.004730533 -0.188170806 0.015445180 -0.004739696 0.999869466 17.994651794
0.999870956 0.000552714 -0.016054528 -0.259785563 -0.000462618 0.999984145 0.005615023 -0.201362714 0.016057376 -0.005606872 0.999855340 19.465406418
0.999860406 -0.000358812 -0.016705751 -0.281285793 0.000452803 0.999984086 0.005622783 -0.216927424 0.016703468 -0.005629562 0.999844611 20.931619644
0.999849379 0.000830167 -0.017335149 -0.314384997 -0.000732857 0.999983966 0.005619048 -0.226112857 0.017339535 -0.005605498 0.999833941 22.387979507
0.999846339 0.001018172 -0.017500071 -0.332093894 -0.000910977 0.999980807 0.006132272 -0.238174438 0.017505979 -0.006115388 0.999828041 23.864744186
0.999847472 0.001976859 -0.017354243 -0.363320410 -0.001851561 0.999972105 0.007233122 -0.249719083 0.017368058 -0.007199886 0.999823213 25.304639816
0.999844968 0.002332026 -0.017452810 -0.391924113 -0.002225456 0.999978781 0.006123141 -0.266293257 0.017466718 -0.006083351 0.999828935 26.740018845
0.999843836 0.002511793 -0.017491642 -0.419186682 -0.002440792 0.999988675 0.004079316 -0.276198268 0.017501691 -0.004035985 0.999838710 28.178688049
0.999853134 0.000796023 -0.017118214 -0.453626543 -0.000728985 0.999992073 0.003922042 -0.292088151 0.017121200 -0.003908988 0.999845803 29.579343796
0.999859035 0.000286114 -0.016786955 -0.477038652 -0.000174481 0.999977887 0.006651108 -0.301975757 0.016788488 -0.006647241 0.999836981 31.050020218
0.999858439 -0.001390994 -0.016767481 -0.508932114 0.001524489 0.999967217 0.007951413 -0.316624790 0.016755871 -0.007975849 0.999827802 32.440166473
0.999859333 -0.002308498 -0.016613299 -0.528556824 0.002428027 0.999971271 0.007178255 -0.324922144 0.016596250 -0.007217583 0.999836206 33.854427338
0.999866009 -0.002216734 -0.016217900 -0.561691880 0.002301268 0.999983847 0.005195541 -0.336268723 0.016206121 -0.005232167 0.999854982 35.224899292
0.999878466 -0.001261390 -0.015540315 -0.589092672 0.001331159 0.999989092 0.004480053 -0.350781500 0.015534494 -0.004500195 0.999869227 36.594154358
0.999890149 -0.000693337 -0.014806046 -0.615757525 0.000749091 0.999992669 0.003760351 -0.368652791 0.014803330 -0.003771028 0.999883294 37.941825867
0.999906480 -0.000173997 -0.013676220 -0.639344096 0.000239351 0.999988556 0.004777189 -0.387794554 0.013675232 -0.004780015 0.999895036 39.284023285
0.999925554 0.000446101 -0.012194605 -0.664892256 -0.000364513 0.999977529 0.006691844 -0.401039422 0.012197317 -0.006686901 0.999903262 40.598781586
0.999943614 -0.000061491 -0.010620541 -0.680123329 0.000144976 0.999969125 0.007860164 -0.416419238 0.010619730 -0.007861260 0.999912679 41.911502838
0.999967754 0.000423947 -0.008021246 -0.700744271 -0.000355245 0.999963284 0.008564411 -0.431010067 0.008024582 -0.008561285 0.999931157 43.187648773
0.999987841 -0.000044642 -0.004930069 -0.708361685 0.000084045 0.999968052 0.007992342 -0.442534447 0.004929555 -0.007992660 0.999955893 44.471775055
0.999999166 -0.000623144 -0.001139759 -0.725543857 0.000630074 0.999981284 0.006090117 -0.452003717 0.001135943 -0.006090830 0.999980807 45.721221924
0.999997497 -0.000922006 0.002039800 -0.724844158 0.000912680 0.999989152 0.004568109 -0.470307320 -0.002043990 -0.004566235 0.999987483 46.965084076
0.999980509 -0.000863078 0.006185394 -0.714597344 0.000830921 0.999986112 0.005199473 -0.486135602 -0.006189796 -0.005194232 0.999967337 48.170558929
0.999929011 -0.000498815 0.011903983 -0.718780458 0.000438661 0.999987125 0.005055336 -0.499064982 -0.011906351 -0.005049756 0.999916375 49.373744965
0.999833405 0.001365696 0.018201651 -0.707949996 -0.001437580 0.999991238 0.003936855 -0.511058867 -0.018196115 -0.003962365 0.999826610 50.572040558
0.999678552 0.002047832 0.025270877 -0.666897655 -0.002153178 0.999989092 0.004142158 -0.525146961 -0.025262119 -0.004195239 0.999672055 51.786956787
0.999426305 0.003597069 0.033677556 -0.636724651 -0.003765775 0.999980688 0.004947383 -0.534211040 -0.033659108 -0.005071367 0.999420524 52.970363617
0.999011815 0.005509509 0.044102475 -0.593502641 -0.005770066 0.999966621 0.005782890 -0.552475691 -0.044069141 -0.006031650 0.999010265 54.139339447
0.998348117 0.007942121 0.056903306 -0.539691567 -0.008280360 0.999949396 0.005710773 -0.564154088 -0.056855071 -0.006172519 0.998363376 55.294559479
0.997345507 0.009986697 0.072126210 -0.473425388 -0.010464614 0.999925733 0.006251281 -0.578847826 -0.072058417 -0.006989460 0.997375906 56.427719116
0.996046126 0.012202375 0.087995611 -0.382906884 -0.012923655 0.999887347 0.007631708 -0.588781357 -0.087892577 -0.008738759 0.996091604 57.555080414
0.994292736 0.012612957 0.105938084 -0.269321740 -0.013577269 0.999872684 0.008386306 -0.597202897 -0.105818823 -0.009776794 0.994337380 58.674339294
0.992123544 0.012016716 0.124685265 -0.137170017 -0.013049559 0.999886930 0.007470145 -0.606603324 -0.124581404 -0.009038395 0.992168248 59.766265869
0.989341080 0.011297876 0.145177647 0.009988733 -0.012373981 0.999902248 0.006511453 -0.615402997 -0.145089880 -0.008238473 0.989384174 60.844585419
0.986066580 0.008407705 0.166138411 0.186876953 -0.009587367 0.999934196 0.006299755 -0.623439729 -0.166074514 -0.007804807 0.986082315 61.920532227
0.982240915 0.003242055 0.187596127 0.388801575 -0.004891728 0.999953330 0.008331470 -0.634341240 -0.187560365 -0.009101180 0.982210934 62.948032379
0.977517307 -0.002200377 0.210843861 0.613224030 0.000158234 0.999952912 0.009701953 -0.640422106 -0.210855275 -0.009450465 0.977471590 63.988929749
0.972076774 -0.007167640 0.234553546 0.866344333 0.005117145 0.999943197 0.009349569 -0.651924133 -0.234607235 -0.007888255 0.972058237 65.001083374
0.965624869 -0.013565488 0.259585351 1.144824982 0.011989798 0.999898851 0.007652465 -0.661858559 -0.259662926 -0.004277035 0.965689838 66.000671387
0.958114088 -0.017330661 0.285861969 1.444174290 0.015552927 0.999843001 0.008488230 -0.668653727 -0.285964191 -0.003686703 0.958233237 66.978698730
0.949572444 -0.019349763 0.312950134 1.748514295 0.016746603 0.999799192 0.011004203 -0.678350925 -0.313100219 -0.005208436 0.949705780 67.915084839
0.939980268 -0.023638995 0.340409011 2.095977306 0.020260883 0.999703884 0.013475453 -0.676195025 -0.340626776 -0.005769673 0.940180898 68.857406616
0.929060400 -0.026768604 0.368958324 2.455648422 0.023471631 0.999634385 0.013422257 -0.687200665 -0.369182736 -0.003810036 0.929349005 69.756149292
0.916873395 -0.026044413 0.398327559 2.840125799 0.024273120 0.999660313 0.009490151 -0.688611269 -0.398439407 0.000967384 0.917194128 70.653968811
0.903943360 -0.027204050 0.426786035 3.267579079 0.028041976 0.999597430 0.004322399 -0.696704507 -0.426731795 0.008060719 0.904342294 71.533264160
0.889825881 -0.029234990 0.455362767 3.716288328 0.031795517 0.999492347 0.002037223 -0.704146147 -0.455191135 0.012665721 0.890303671 72.386894226
0.874206722 -0.029838629 0.484636217 4.182866573 0.031075379 0.999502003 0.005483421 -0.715051293 -0.484558463 0.010266609 0.874698639 73.225524902
0.856465340 -0.028962372 0.515391469 4.674011707 0.027029801 0.999571264 0.011253327 -0.723900318 -0.515496433 0.004292842 0.856881022 74.052528381
0.836846769 -0.028840147 0.546676993 5.193117142 0.024758290 0.999583423 0.014833692 -0.727606416 -0.546877086 0.001121261 0.837212205 74.857086182
0.815711141 -0.022527892 0.578020573 5.728544235 0.020613816 0.999738753 0.009873505 -0.727692544 -0.578092039 0.003861281 0.815962434 75.626678467
0.793882608 -0.015939245 0.607862175 6.295231819 0.017938690 0.999835193 0.002789128 -0.732848048 -0.607806504 0.008690010 0.794037700 76.369758606
0.771420658 -0.013279908 0.636186957 6.893807888 0.016788110 0.999858916 0.000514534 -0.734929383 -0.636104047 0.010283454 0.771534801 77.103370667
0.747963548 -0.015804591 0.663551629 7.513774872 0.017917398 0.999832928 0.003617486 -0.742246270 -0.663497925 0.009183371 0.748121738 77.802185059
0.723705530 -0.016323868 0.689915836 8.155758858 0.018120309 0.999825001 0.004648745 -0.760069907 -0.689871013 0.009137165 0.723874688 78.464965820
0.698241591 -0.014195176 0.715721428 8.807464600 0.018585229 0.999825835 0.001698597 -0.769359708 -0.715620935 0.012115816 0.698383808 79.114799500
0.672206223 -0.012017095 0.740266502 9.483499527 0.018608334 0.999826610 -0.000666822 -0.776434362 -0.740130126 0.014223365 0.672313333 79.713500977
0.645124733 -0.009536145 0.764017761 10.189319611 0.016832840 0.999856830 -0.001733600 -0.785265565 -0.763891816 0.013978978 0.645192862 80.315475464
0.617119551 -0.008095885 0.786827803 10.905311584 0.016634179 0.999857843 -0.002758600 -0.800631046 -0.786693573 0.014790619 0.617166460 80.874099731
0.588430405 -0.001461001 0.808546603 11.650334358 0.015133926 0.999843061 -0.009207249 -0.813703001 -0.808406234 0.017654309 0.588360131 81.426094055
0.558611393 0.007602286 0.829394758 12.408818245 0.014264608 0.999722064 -0.018770974 -0.830334902 -0.829306901 0.022316670 0.558347642 81.934280396
0.527416825 0.016368056 0.849448979 13.200862885 0.012743209 0.999549508 -0.027172511 -0.850908160 -0.849511087 0.025155945 0.526970625 82.437896729
0.495716333 0.021324646 0.868222654 14.002035141 0.010057936 0.999490499 -0.030291382 -0.876536846 -0.868426263 0.023748461 0.495249271 82.900779724
0.463202178 0.020911898 0.886005938 14.837789536 0.008419825 0.999572635 -0.027994219 -0.905062556 -0.886212647 0.020426998 0.462828100 83.346115112
0.429928482 0.019847693 0.902644813 15.686828613 0.003841084 0.999709070 -0.023811484 -0.932891726 -0.902854800 0.013704372 0.429727197 83.757286072
0.395928741 0.020902647 0.918043315 16.561622620 -0.000174127 0.999742568 -0.022687739 -0.966748178 -0.918281257 0.008822873 0.395830452 84.139472961
0.360768616 0.023971440 0.932347298 17.435699463 -0.007529177 0.999711931 -0.022790054 -0.995116293 -0.932624996 0.001202132 0.360845208 84.488922119
0.324666500 0.025739359 0.945478261 18.341220856 -0.012356513 0.999659777 -0.022971289 -1.026962876 -0.945747852 -0.004224806 0.324874043 84.823577881
0.288562059 0.025024727 0.957134128 19.253791809 -0.014775225 0.999655724 -0.021681959 -1.053158522 -0.957347214 -0.007885280 0.288832426 85.105339050
0.252328575 0.024474325 0.967332125 20.184345245 -0.015551618 0.999653518 -0.021235446 -1.084805965 -0.967516720 -0.009685268 0.252621770 85.350524902
0.216540277 0.024324387 0.975970626 21.150470734 -0.014953375 0.999654949 -0.021596950 -1.109717250 -0.976159155 -0.009917446 0.216829300 85.567497253
0.181246758 0.023348363 0.983160615 22.115627289 -0.013050648 0.999687195 -0.021334942 -1.131793380 -0.983351231 -0.008963991 0.181494772 85.741760254
0.147004545 0.022160165 0.988887608 23.089641571 -0.004532646 0.999753594 -0.021729857 -1.162948608 -0.989125490 -0.001287887 0.147068799 85.869300842
0.112964809 0.025376521 0.993274987 24.067321777 -0.002036668 0.999677598 -0.025308471 -1.201218367 -0.993597031 0.000835997 0.112980068 85.986747742
0.080034137 0.030178444 0.996335268 25.037525177 -0.001192007 0.999543786 -0.030179879 -1.233908534 -0.996791482 0.001227786 0.080033600 86.065017700
0.051432967 0.034435038 0.998082757 26.042087555 0.005867749 0.999377668 -0.034782097 -1.263913870 -0.998659372 0.007645451 0.051198900 86.101226807
0.025577664 0.032837670 0.999133348 27.052505493 0.007176220 0.999428570 -0.033031080 -1.297806501 -0.999647081 0.008014858 0.025327384 86.132553101
0.003360271 0.029543912 0.999558032 28.044181824 0.008733014 0.999524474 -0.029572288 -1.337940931 -0.999956429 0.008828530 0.003100634 86.132148743
-0.015978694 0.027145430 0.999503970 29.043781281 0.008882838 0.999595821 -0.027005926 -1.372613311 -0.999833047 0.008446914 -0.016213417 86.123382568
-0.032101154 0.030617798 0.999015689 30.103389740 0.011376732 0.999477148 -0.030266380 -1.407825947 -0.999419987 0.010393951 -0.032432675 86.085174561
-0.046534657 0.035032522 0.998302341 31.102092743 0.014251821 0.999306381 -0.034403432 -1.441479564 -0.998815179 0.012626675 -0.047001719 86.030792236
-0.058797717 0.039865099 0.997473717 32.095039368 0.018648587 0.999071836 -0.038829703 -1.488197446 -0.998095810 0.016318381 -0.059486508 85.970970154
-0.067597389 0.043673635 0.996756375 33.114650726 0.023693271 0.998830020 -0.042157676 -1.536007881 -0.997431338 0.020766672 -0.068553090 85.898658752
-0.073574901 0.049189493 0.996075988 34.113414764 0.027209239 0.998510063 -0.047299899 -1.583747387 -0.996918559 0.023622384 -0.074803710 85.819374084
-0.077053189 0.053734902 0.995577991 35.127571106 0.029567998 0.998230577 -0.051589649 -1.642930269 -0.996588528 0.025462100 -0.078505754 85.733055115
-0.080013037 0.057645667 0.995125771 36.128742218 0.031532157 0.997973144 -0.055275284 -1.704249382 -0.996295154 0.026955726 -0.081668496 85.651634216
-0.082360148 0.060660120 0.994754970 37.159931183 0.032360788 0.997782350 -0.058165450 -1.766085625 -0.996077240 0.027400538 -0.084140539 85.559883118
-0.084850788 0.064214349 0.994322360 38.170211792 0.033263691 0.997547448 -0.061584063 -1.831763744 -0.995838284 0.027849367 -0.086778760 85.476539612
-0.086598754 0.068120472 0.993911564 39.179515839 0.034678768 0.997261047 -0.065328501 -1.897220850 -0.995639503 0.028810265 -0.088723898 85.378341675
-0.088997364 0.069478296 0.993605733 40.187156677 0.037252922 0.997098386 -0.066385776 -1.969001532 -0.995335042 0.031106556 -0.091327429 85.284927368
-0.090823412 0.068392590 0.993515790 41.221813202 0.037446525 0.997168005 -0.065220788 -2.042954922 -0.995162785 0.031280138 -0.093127251 85.187263489
-0.093184948 0.068033785 0.993321776 42.237361908 0.036831614 0.997215390 -0.064845249 -2.116932392 -0.994967401 0.030543048 -0.095431209 85.091430664
-0.095396042 0.069223762 0.993029535 43.253337860 0.037247851 0.997128725 -0.065931275 -2.193219423 -0.994742274 0.030698635 -0.097700596 84.992820740
-0.097962022 0.071539968 0.992615461 44.274124146 0.036236063 0.997007906 -0.068280369 -2.266108274 -0.994530201 0.029279586 -0.100261211 84.900260925
-0.100635886 0.073620036 0.992195845 45.305145264 0.034195915 0.996925294 -0.070502549 -2.342396975 -0.994335532 0.026833959 -0.102844000 84.795898438
-0.102992415 0.077094764 0.991690099 46.332180023 0.032001756 0.996732533 -0.074163221 -2.424722672 -0.994167387 0.024097580 -0.105123043 84.691253662
-0.105337381 0.081123680 0.991122127 47.370006561 0.028639968 0.996501029 -0.078520074 -2.510081768 -0.994024098 0.020114614 -0.107292175 84.586914062
-0.108037472 0.083762571 0.990611970 48.406829834 0.026362587 0.996335149 -0.081371382 -2.591191530 -0.993797362 0.017323939 -0.109849811 84.478164673
-0.111294508 0.082287110 0.990374863 49.454673767 0.023885842 0.996499658 -0.080111802 -2.680876255 -0.993500352 0.014739932 -0.112870336 84.374938965
-0.113998771 0.077858023 0.990425527 50.516609192 0.021500541 0.996884286 -0.075891033 -2.771866560 -0.993248343 0.012643214 -0.115317583 84.250640869
-0.116299868 0.076372437 0.990273535 51.569629669 0.021662975 0.996997118 -0.074346833 -2.855909348 -0.992977917 0.012805743 -0.117605090 84.129547119
-0.118750215 0.076403387 0.989980400 52.611499786 0.020616099 0.997009933 -0.074472971 -2.948446989 -0.992710233 0.011565855 -0.119970322 84.020011902
-0.119473815 0.079737522 0.989630222 53.684947968 0.021896120 0.996738911 -0.077666864 -3.025255680 -0.992595851 0.012389902 -0.120830178 83.879463196
-0.120192289 0.082757346 0.989295244 54.742721558 0.022185476 0.996494412 -0.080664195 -3.109828472 -0.992502749 0.012252774 -0.121606946 83.754425049
-0.120319963 0.083397157 0.989225984 55.811870575 0.021496922 0.996450365 -0.081391536 -3.201525688 -0.992502391 0.011472289 -0.121685624 83.620666504
-0.120485783 0.081839532 0.989335954 56.889522552 0.018397253 0.996608973 -0.080200680 -3.295375824 -0.992544651 0.008538036 -0.121582747 83.500152588
-0.120796561 0.081645265 0.989314079 57.967689514 0.013893923 0.996653378 -0.080554493 -3.382346869 -0.992580116 0.004014741 -0.121526718 83.380950928
-0.119946718 0.082444325 0.989351094 59.044113159 0.011333454 0.996594667 -0.081673898 -3.482127428 -0.992715597 0.001416245 -0.120472670 83.239219666
-0.120226264 0.082572378 0.989306688 60.117897034 0.006905131 0.996580362 -0.082340330 -3.573564768 -0.992722631 -0.003068170 -0.120385289 83.119323730
-0.120313406 0.081653088 0.989372373 61.203506470 0.003693590 0.996641576 -0.081803866 -3.675867558 -0.992729187 -0.006187758 -0.120210886 82.995498657
-0.121078610 0.077000044 0.989652097 62.272102356 0.004229895 0.997017801 -0.077055641 -3.759053469 -0.992634058 -0.005143648 -0.121043205 82.872482300
-0.121289015 0.068467192 0.990253329 63.367076874 0.007351713 0.997652888 -0.068078361 -3.844426632 -0.992590249 -0.000977091 -0.121507764 82.741897583
-0.121046305 0.062756412 0.990661204 64.474044800 0.013256715 0.998012722 -0.061602317 -3.933538437 -0.992558420 0.005676186 -0.121637702 82.601806641
-0.120250821 0.065258950 0.990596354 65.576553345 0.021414796 0.997775376 -0.063132301 -4.006897449 -0.992512584 0.013621710 -0.121380806 82.459884644
-0.119819403 0.071107239 0.990245998 66.660423279 0.026538001 0.997304738 -0.068403021 -4.079491615 -0.992440939 0.018083138 -0.121383548 82.337188721
-0.118545413 0.076577246 0.989991367 67.759063721 0.030870171 0.996824026 -0.073409244 -4.164062500 -0.992468655 0.021858875 -0.120532870 82.195869446
-0.117864013 0.081029952 0.989718378 68.888832092 0.031067973 0.996478260 -0.077883571 -4.251732826 -0.992543757 0.021568879 -0.119966388 82.057952881
-0.118008494 0.078008667 0.989943862 69.998771667 0.027829174 0.996777833 -0.075229764 -4.341087341 -0.992622674 0.018671572 -0.119799137 81.940994263
-0.116992712 0.074140675 0.990361512 71.123443604 0.027201761 0.997074664 -0.071429864 -4.425408840 -0.992760241 0.018582800 -0.118667245 81.798271179
-0.116841316 0.071781076 0.990553200 72.264999390 0.025207624 0.997277677 -0.069294997 -4.513401031 -0.992830694 0.016872980 -0.118332624 81.664337158
-0.117294073 0.072495036 0.990447640 73.389877319 0.023231048 0.997259378 -0.070242472 -4.597425938 -0.992825449 0.014770106 -0.118656754 81.544303894
-0.117124438 0.077469468 0.990091205 74.521148682 0.024480732 0.996875167 -0.075104296 -4.689188957 -0.992815614 0.015441610 -0.118654966 81.417945862
-0.115992308 0.080156066 0.990010500 75.669921875 0.024186596 0.996670723 -0.077861547 -4.776464939 -0.992955625 0.014913646 -0.117544889 81.273399353
-0.115334988 0.079046451 0.990176618 76.821464539 0.024226638 0.996756017 -0.076749794 -4.866237640 -0.993031263 0.015136721 -0.116875887 81.135620117
-0.114757776 0.072257400 0.990762115 77.968833923 0.025826631 0.997231007 -0.069737740 -4.959398746 -0.993057728 0.017585102 -0.116306186 80.998336792
-0.115212440 0.070877373 0.990809083 79.132934570 0.024823438 0.997345090 -0.068458438 -5.043443680 -0.993030727 0.016708029 -0.116665959 80.864257812
-0.114668131 0.073918521 0.990650058 80.289848328 0.021883598 0.997173727 -0.071872272 -5.127228737 -0.993162930 0.013437539 -0.115961671 80.737655640
-0.114609241 0.076785408 0.990438581 81.458847046 0.022473723 0.996953547 -0.074689925 -5.220056057 -0.993156314 0.013698680 -0.115985751 80.604446411
-0.114531159 0.076077037 0.990502417 82.623802185 0.021564459 0.997018814 -0.074084066 -5.311801910 -0.993185699 0.012874721 -0.115830302 80.476951599
-0.114091873 0.072705746 0.990806222 83.792900085 0.021551400 0.997264922 -0.070698030 -5.401503086 -0.993236423 0.013287188 -0.115346789 80.342163086
-0.113413334 0.071839452 0.990947247 84.988739014 0.021154972 0.997330964 -0.069881067 -5.493526459 -0.993322611 0.013038018 -0.114630342 80.207168579
-0.112241030 0.072195359 0.991054833 86.175468445 0.022500334 0.997286081 -0.070101030 -5.582979202 -0.993426204 0.014430851 -0.113560915 80.073066711
-0.111207128 0.072378054 0.991158187 87.367942810 0.025257690 0.997228086 -0.069987416 -5.671670914 -0.993476272 0.017251275 -0.112726927 79.938980103
-0.110130072 0.071968064 0.991308212 88.561523438 0.025143355 0.997257590 -0.069606669 -5.763453960 -0.993599117 0.017259032 -0.111637473 79.804054260
-0.108760476 0.072753720 0.991402030 89.755241394 0.026293781 0.997179747 -0.070293196 -5.850986481 -0.993720174 0.018422589 -0.110366702 79.673439026
-0.107440710 0.070793681 0.991687894 90.945938110 0.025914280 0.997322142 -0.068388321 -5.945002079 -0.993873775 0.018351195 -0.108987570 79.546882629
-0.106619477 0.069502093 0.991867840 92.156967163 0.024716787 0.997430980 -0.067235015 -6.037570477 -0.993992627 0.017347226 -0.108063459 79.417602539
-0.105052948 0.069159664 0.992058992 93.368820190 0.025716573 0.997434199 -0.066811167 -6.120846748 -0.994134188 0.018493654 -0.106561899 79.289482117
-0.103253961 0.069753759 0.992206156 94.594535828 0.024329415 0.997416615 -0.067588225 -6.213643551 -0.994357467 0.017161040 -0.104684353 79.159111023
-0.102236032 0.072415695 0.992120862 95.814758301 0.024576960 0.997226179 -0.070255734 -6.301761627 -0.994456530 0.017200651 -0.103732228 79.040435791
-0.100641251 0.071571961 0.992345095 97.042160034 0.022239294 0.997321784 -0.069675446 -6.387296200 -0.994674146 0.015056834 -0.101963401 78.910224915
-0.100471377 0.070141986 0.992464542 98.263465881 0.018961068 0.997465670 -0.068575941 -6.482336998 -0.994759381 0.011928272 -0.101546764 78.801559448
-0.100520372 0.071371958 0.992371917 99.495628357 0.016579526 0.997405350 -0.070054591 -6.569315910 -0.994796991 0.009411150 -0.101442933 78.683731079
-0.100352526 0.070876859 0.992424190 100.732391357 0.013347377 0.997465611 -0.069887243 -6.658346653 -0.994862378 0.006232899 -0.101044178 78.557243347
-0.101801991 0.068272211 0.992459297 101.971412659 0.010586956 0.997660100 -0.067544021 -6.752800465 -0.994748414 0.003631014 -0.102286577 78.444725037
-0.102931499 0.066843882 0.992439985 103.249633789 0.008870910 0.997761488 -0.066282250 -6.844963074 -0.994648933 0.001981313 -0.103294134 78.319633484
-0.104671955 0.066127203 0.992306054 104.501029968 0.006927569 0.997811198 -0.065763332 -6.935474396 -0.994482875 -0.000009302 -0.104900956 78.199501038
-0.106200576 0.066053987 0.992148459 105.760139465 0.006712578 0.997816026 -0.065712802 -7.027948380 -0.994322181 -0.000318863 -0.106412053 78.064422607
-0.108556151 0.064699844 0.991982698 107.019538879 0.006079244 0.997904301 -0.064420797 -7.115727425 -0.994071841 -0.000962771 -0.108722091 77.929641724
-0.111861229 0.060116004 0.991903961 108.289985657 0.002929140 0.998184085 -0.060166299 -7.200260639 -0.993719697 -0.003824838 -0.111834168 77.804481506
-0.116456985 0.060050700 0.991378665 109.548522949 0.002278511 0.998184025 -0.060195263 -7.286305904 -0.993193150 -0.004751292 -0.116382360 77.666458130
-0.121676803 0.065838546 0.990383804 110.776519775 -0.002629204 0.997772753 -0.066652767 -7.375240326 -0.992566288 -0.010714018 -0.121232748 77.519256592
-0.128910780 0.069319487 0.989230514 112.004364014 -0.002177840 0.997531593 -0.070184983 -7.460505962 -0.991653919 -0.011201977 -0.128441572 77.373786926
-0.137278795 0.064931154 0.988402128 113.249893188 -0.000142451 0.997847855 -0.065571465 -7.561537266 -0.990532577 -0.009142363 -0.136974096 77.187042236
-0.147745490 0.062935002 0.987021029 114.485824585 0.002195646 0.997991741 -0.063305862 -7.653050423 -0.989023030 -0.007186009 -0.147586942 76.996818542
-0.161337495 0.063449375 0.984857559 115.694114685 0.001998662 0.997950137 -0.063965447 -7.747517586 -0.986897290 -0.008351626 -0.161133647 76.821716309
-0.175421953 0.063849881 0.982420683 116.912139893 0.003796999 0.997931123 -0.064179949 -7.832659721 -0.984486043 -0.007528319 -0.175301433 76.607711792
-0.189960122 0.061511934 0.979862988 118.103302002 0.004622550 0.998080373 -0.061759405 -7.924530506 -0.981780946 -0.007202358 -0.189879894 76.387359619
-0.205295801 0.064213969 0.976591110 119.303176880 0.008742229 0.997925758 -0.063779026 -8.011759758 -0.978660882 -0.004555980 -0.205431342 76.135101318
-0.220815301 0.067418098 0.972982943 120.482978821 0.008805529 0.997705221 -0.067132734 -8.097929001 -0.975276113 -0.006256289 -0.220902205 75.874275208
-0.235578537 0.071368545 0.969231248 121.646530151 0.009254955 0.997419477 -0.071194679 -8.194376945 -0.971811235 -0.007801743 -0.235631108 75.595222473
-0.251837015 0.069292225 0.965285957 122.816177368 0.005700498 0.997522354 -0.070119075 -8.287046432 -0.967753053 -0.012155961 -0.251608133 75.305572510
-0.267549396 0.063376471 0.961457670 123.994064331 0.000403934 0.997841835 -0.065662406 -8.389608383 -0.963544071 -0.017179566 -0.266997576 74.988334656
-0.283720374 0.059228905 0.957076073 125.163253784 -0.003866128 0.998011827 -0.062908314 -8.477048874 -0.958899200 -0.021548552 -0.282927394 74.667007446
-0.298587322 0.060677569 0.952451527 126.332336426 -0.005900854 0.997840405 -0.065419033 -8.563894272 -0.954364061 -0.025153575 -0.297584534 74.318214417
-0.313378811 0.062834151 0.947547257 127.467399597 -0.006024871 0.997656941 -0.068149634 -8.646547318 -0.949609220 -0.027065493 -0.312265992 73.960571289
-0.326775908 0.065054841 0.942860186 128.600280762 -0.004449643 0.997511208 -0.070367768 -8.740091324 -0.945091367 -0.027189882 -0.325673223 73.569076538
-0.341453075 0.064997137 0.937648952 129.727798462 -0.002674141 0.997534811 -0.070122197 -8.830083847 -0.939895213 -0.026450833 -0.340437531 73.179550171
-0.354915857 0.062695794 0.932793856 130.857666016 -0.002501132 0.997681618 -0.068008743 -8.931910515 -0.934895098 -0.026470408 -0.353936195 72.748764038
-0.369412899 0.061508588 0.927227676 131.979049683 -0.003004008 0.997722745 -0.067381777 -9.019906998 -0.929260671 -0.027677085 -0.368386865 72.308593750
-0.384337664 0.062562697 0.921070337 133.075500488 -0.003874706 0.997583032 -0.069376551 -9.119490623 -0.923184514 -0.030232891 -0.383166313 71.867767334
-0.398893833 0.065084413 0.914684594 134.163101196 -0.002790186 0.997387290 -0.072185934 -9.205625534 -0.916992962 -0.031346656 -0.397670150 71.397979736
-0.413860440 0.066888571 0.907879651 135.259857178 -0.001495262 0.997245669 -0.074154280 -9.299685478 -0.910339117 -0.032047037 -0.412620544 70.913879395
-0.428336978 0.069493294 0.900942862 136.339172363 0.001674299 0.997097731 -0.076114088 -9.398140907 -0.903617501 -0.031094033 -0.427210212 70.403717041
-0.443494081 0.072562076 0.893335223 137.415863037 0.000839333 0.996750593 -0.080545411 -9.497925758 -0.896276951 -0.034971602 -0.442113876 69.886795044
-0.458310246 0.074874058 0.885633051 138.485275269 0.001983398 0.996528983 -0.083223142 -9.597290993 -0.888790250 -0.036385439 -0.456867933 69.337188721
-0.474017024 0.072019771 0.877565384 139.560470581 0.000432494 0.996668279 -0.081560656 -9.703952789 -0.880515575 -0.038281597 -0.472468853 68.780334473
-0.490316033 0.067461781 0.868929863 140.631317139 -0.002541683 0.996884823 -0.078830130 -9.809103012 -0.871541023 -0.040860217 -0.488617063 68.200637817
-0.506216288 0.067835763 0.859734535 141.691314697 -0.002749845 0.996769547 -0.080267377 -9.909340858 -0.862402260 -0.042996783 -0.504394412 67.582824707
-0.522141576 0.067223497 0.850205541 142.738952637 -0.003803747 0.996695280 -0.081142075 -10.006257057 -0.852850497 -0.045601599 -0.520160317 66.953475952
-0.537719727 0.066038266 0.840533495 143.787536621 -0.004636565 0.996681154 -0.081272513 -10.109800339 -0.843110979 -0.047599018 -0.535628915 66.293914795
-0.553592086 0.065380909 0.830217719 144.817672729 -0.005944529 0.996577799 -0.082445860 -10.217283249 -0.832766950 -0.050576612 -0.551308870 65.630111694
-0.568989277 0.064852007 0.819783866 145.857208252 -0.006006581 0.996531188 -0.083003253 -10.326038361 -0.822323084 -0.052152049 -0.566625953 64.927566528
-0.584035516 0.062125310 0.809347332 146.872467041 -0.006604829 0.996670187 -0.081270307 -10.429861069 -0.811701298 -0.052810341 -0.581680417 64.207046509
-0.599088669 0.058936223 0.798510730 147.885070801 -0.006156296 0.996918738 -0.078199074 -10.535953522 -0.800659060 -0.051764045 -0.596879840 63.463607788
-0.613972068 0.056955907 0.787270248 148.879531860 -0.005729772 0.997045398 -0.076600820 -10.637639999 -0.789306998 -0.051541641 -0.611831665 62.698150635
-0.628854871 0.055386726 0.775547504 149.854675293 -0.006321243 0.997062385 -0.076332092 -10.744728088 -0.777497053 -0.052904230 -0.626657367 61.930610657
-0.643684268 0.056425814 0.763208210 150.824066162 -0.007638589 0.996754766 -0.080134809 -10.849493027 -0.765253067 -0.057411347 -0.641164303 61.133155823
-0.658987164 0.055734381 0.750086427 151.784484863 -0.010034812 0.996510625 -0.082860738 -10.950678825 -0.752087235 -0.062131137 -0.656128407 60.314323425
-0.674909711 0.052567363 0.736025572 152.742141724 -0.011635605 0.996577084 -0.081845544 -11.061920166 -0.737808645 -0.063802443 -0.671987891 59.467872620
-0.691259623 0.044824719 0.721214831 153.669189453 -0.015488771 0.996925712 -0.076806068 -11.170967102 -0.722440422 -0.064263672 -0.688440204 58.609657288
-0.708163142 0.042317361 0.704779863 154.586486816 -0.016410863 0.996946037 -0.076349653 -11.275750160 -0.705858409 -0.065634035 -0.705305934 57.714950562
-0.725363016 0.040093537 0.687198222 155.479400635 -0.017596062 0.996896207 -0.076735690 -11.377554893 -0.688141882 -0.067753196 -0.722406149 56.798004150
-0.743125677 0.035853535 0.668190837 156.362884521 -0.021259278 0.996794462 -0.077129051 -11.483733177 -0.668814242 -0.071521819 -0.739981413 55.860374451
-0.759624600 0.034076460 0.649468601 157.201904297 -0.020598166 0.996864796 -0.076395534 -11.589086533 -0.650035620 -0.071409784 -0.756541133 54.915344238
-0.775700450 0.036220901 0.630061269 158.031509399 -0.018510431 0.996616364 -0.080082521 -11.695071220 -0.630829990 -0.073782742 -0.772405267 53.922264099
-0.790952206 0.035449024 0.610850453 158.827117920 -0.015457753 0.996844113 -0.077864386 -11.801774979 -0.611682892 -0.071029373 -0.787908077 52.934257507
-0.805459738 0.036871471 0.591502428 159.606750488 -0.011184723 0.996939301 -0.077374935 -11.915529251 -0.592544973 -0.068938181 -0.802582145 51.893692017
-0.820145965 0.037679393 0.570912719 160.365783691 -0.009828964 0.996754110 -0.079904117 -12.024560928 -0.572070360 -0.071144499 -0.817113519 50.854812622
-0.833717227 0.039200302 0.550798297 161.089416504 -0.008965827 0.996384501 -0.084483802 -12.138423920 -0.552118659 -0.075373977 -0.830351472 49.781028748
-0.846773267 0.039613940 0.530476987 161.791397095 -0.006245188 0.996414304 -0.084377185 -12.252250671 -0.531917393 -0.074761271 -0.843489647 48.689689636
-0.858355880 0.037647419 0.511671662 162.463104248 -0.005076733 0.996632040 -0.081845976 -12.369214058 -0.513029695 -0.072850592 -0.855273843 47.576988220
-0.868869543 0.039575137 0.493456721 163.105072021 -0.002089556 0.996497333 -0.083598152 -12.481801987 -0.495036721 -0.073666990 -0.865743518 46.466957092
-0.878229260 0.042267125 0.476368725 163.718063354 0.000470823 0.996162713 -0.087519288 -12.593807220 -0.478239924 -0.076637700 -0.874879122 45.342651367
-0.887280107 0.039935902 0.459499210 164.321411133 -0.001153157 0.996049225 -0.088795148 -12.716881752 -0.461229950 -0.079316027 -0.883728623 44.220336914
-0.895524144 0.037310999 0.443446249 164.911071777 -0.002084380 0.996116400 -0.088021286 -12.842771530 -0.445008248 -0.079749487 -0.891968608 43.069252014
-0.902671218 0.035334565 0.428878188 165.476440430 -0.002919983 0.996097386 -0.088212594 -12.966926575 -0.430321395 -0.080879271 -0.899045229 41.908889771
-0.909224629 0.033523086 0.414953977 166.021484375 -0.003279849 0.996144831 -0.087662660 -13.090139389 -0.416292965 -0.081066035 -0.905609488 40.731899261
-0.915571213 0.030794388 0.400975049 166.552505493 -0.004513008 0.996214390 -0.086812861 -13.213542938 -0.402130455 -0.081292965 -0.911966324 39.566051483
-0.921286702 0.026355088 0.387989908 167.072158813 -0.006671768 0.996482909 -0.083530538 -13.326112747 -0.388826758 -0.079544149 -0.917870641 38.375106812
-0.926455140 0.022971923 0.375703543 167.583114624 -0.007680879 0.996774316 -0.079886958 -13.450496674 -0.376326799 -0.076897413 -0.923290253 37.174201965
-0.930728316 0.023318276 0.364968002 168.061920166 -0.005176705 0.997025192 -0.076902673 -13.556371689 -0.365675509 -0.073464811 -0.927838802 35.968849182
-0.934066534 0.027239447 0.356059283 168.538482666 -0.000877986 0.996908247 -0.078569300 -13.667825699 -0.357098639 -0.073701553 -0.931154728 34.769161224
-0.936418056 0.032336049 0.349393427 168.996139526 0.004551984 0.996780336 -0.080051251 -13.779379845 -0.350857049 -0.073371001 -0.933550358 33.569080353
-0.938038826 0.035810292 0.344675094 169.434020996 0.007727589 0.996560454 -0.082507677 -13.890970230 -0.346444219 -0.074731894 -0.935089231 32.341968536
-0.939919949 0.032977432 0.339799106 169.881500244 0.005601778 0.996679425 -0.081232443 -14.005918503 -0.341349632 -0.074448496 -0.936983705 31.144786835
-0.941730022 0.025495172 0.335402042 170.338836670 -0.000627194 0.996988595 -0.077545866 -14.122260094 -0.336369067 -0.073237628 -0.938878059 29.896537781
-0.943630338 0.019509172 0.330426067 170.781631470 -0.005972046 0.997095585 -0.075925954 -14.227243423 -0.330947638 -0.073619343 -0.940773129 28.686775208
-0.945184708 0.013171921 0.326270610 171.222305298 -0.012777030 0.996928990 -0.077261396 -14.334976196 -0.326286316 -0.077195056 -0.942113757 27.462329865
-0.946707010 0.010215238 0.321934968 171.662429810 -0.016482167 0.996651113 -0.080093227 -14.440519333 -0.321675003 -0.081130974 -0.943368196 26.262336731
-0.947501898 0.010399519 0.319581270 172.077499390 -0.016690336 0.996499896 -0.081911072 -14.556649208 -0.319314539 -0.082944810 -0.944012046 25.067417145
-0.947849631 0.010898964 0.318531990 172.497589111 -0.016745346 0.996331811 -0.083919525 -14.669066429 -0.318278193 -0.084876999 -0.944190264 23.863265991
-0.947661519 0.013837522 0.318977714 172.909378052 -0.014463714 0.996174097 -0.086185597 -14.780700684 -0.318949938 -0.086288355 -0.943835616 22.652862549
-0.947167516 0.014706155 0.320402235 173.324676514 -0.014053624 0.996086061 -0.087264478 -14.905089378 -0.320431501 -0.087156892 -0.943253636 21.419181824
-0.946875811 0.015764458 0.321212798 173.742614746 -0.013537720 0.995958686 -0.088786274 -15.029387474 -0.321314365 -0.088418067 -0.942835689 20.215217590
-0.946015358 0.017010415 0.323675394 174.164489746 -0.012402191 0.995990813 -0.088591479 -15.147336006 -0.323884696 -0.087823175 -0.942011714 19.003677368
-0.945493817 0.016210238 0.325236231 174.594024658 -0.013317929 0.995999694 -0.088358574 -15.275140762 -0.325367510 -0.087873958 -0.941495657 17.811386108
-0.944116235 0.015647229 0.329241246 175.016403198 -0.014475049 0.995940685 -0.088840157 -15.389488220 -0.329294860 -0.088641211 -0.940057278 16.625274658
-0.942821622 0.013997752 0.333004028 175.457260132 -0.015652234 0.996155858 -0.086188778 -15.511978149 -0.332930356 -0.086472884 -0.938978195 15.456977844
-0.940721393 0.011293578 0.338992715 175.889739990 -0.018064875 0.996358693 -0.083324701 -15.634006500 -0.338699371 -0.084509179 -0.937091947 14.272483826
-0.938796401 0.008672504 0.344363272 176.350830078 -0.020276982 0.996558309 -0.080376215 -15.747579575 -0.343875140 -0.082439549 -0.935389519 13.113624573
-0.935634613 0.010650065 0.352809310 176.781417847 -0.018801780 0.996621847 -0.079945974 -15.864647865 -0.352468908 -0.081433661 -0.932273626 11.921516418
-0.932809711 0.010748832 0.360209495 177.247726440 -0.019356063 0.996617794 -0.079864636 -15.975737572 -0.359849632 -0.081470728 -0.929446697 10.783142090
-0.928772688 0.013683639 0.370397598 177.711349487 -0.018099375 0.996451795 -0.082196243 -16.091627121 -0.370208085 -0.083045579 -0.925229549 9.593734741
-0.924604893 0.014767933 0.380641520 178.189437866 -0.017640743 0.996516168 -0.081512913 -16.196004868 -0.380519211 -0.082082033 -0.921123147 8.453567505
-0.919736505 0.016996391 0.392168373 178.682525635 -0.016818281 0.996438503 -0.082628392 -16.307941437 -0.392176062 -0.082591943 -0.916175008 7.304695129
-0.914684176 0.018694323 0.403737038 179.202224731 -0.016415142 0.996387184 -0.083325163 -16.422338486 -0.403836131 -0.082843602 -0.911072731 6.198150635
-0.908238411 0.020748209 0.417938352 179.725509644 -0.015645802 0.996387839 -0.083465375 -16.536785126 -0.418160439 -0.082345448 -0.904633164 5.024261475
-0.902241707 0.020095032 0.430762202 180.269668579 -0.016162293 0.996636033 -0.080345310 -16.652194977 -0.430927694 -0.079452999 -0.898881793 3.906677246
-0.895453930 0.023322400 0.444542855 180.829544067 -0.014026334 0.996652544 -0.080541760 -16.768840790 -0.444933176 -0.078356743 -0.892129302 2.752670288
-0.888350844 0.025498943 0.458457053 181.396636963 -0.012396933 0.996760964 -0.079460397 -16.879638672 -0.458998263 -0.076272160 -0.885157347 1.625213623
-0.881313682 0.026847430 0.471768737 181.997756958 -0.011102037 0.996932626 -0.077473253 -16.983293533 -0.472401589 -0.073515818 -0.878312349 0.526290894
-0.873882294 0.028699778 0.485290170 182.604492188 -0.008766516 0.997163177 -0.074757881 -17.085693359 -0.486059040 -0.069583870 -0.871151567 -0.562316895
-0.865403652 0.031436738 0.500088394 183.225769043 -0.005849230 0.997328222 -0.072816506 -17.198778152 -0.501041353 -0.065940797 -0.862907529 -1.659179688
-0.856991172 0.034497164 0.514174998 183.855529785 -0.002669532 0.997446299 -0.071370326 -17.299293518 -0.515323997 -0.062536351 -0.854710579 -2.676330566
-0.845964551 0.037894424 0.531890750 184.493698120 0.000724060 0.997552454 -0.069918767 -17.395971298 -0.533238411 -0.058763683 -0.843921423 -3.743713379
-0.835156918 0.040984590 0.548482716 185.170043945 0.002993109 0.997543752 -0.069982529 -17.483200073 -0.550003707 -0.056804720 -0.833228230 -4.779113770
-0.824022412 0.042817004 0.564936936 185.842346191 0.005393341 0.997687817 -0.067748748 -17.590597153 -0.566531479 -0.052779589 -0.822347999 -5.769439697
-0.812731743 0.045011427 0.580896854 186.560058594 0.006477552 0.997647822 -0.068241097 -17.678482056 -0.582602143 -0.051698912 -0.811111569 -6.747817993
-0.799654484 0.047431707 0.598584116 187.279235840 0.008747494 0.997689664 -0.067370906 -17.779541016 -0.600396693 -0.048637334 -0.798221946 -7.738464355
-0.785796762 0.048361067 0.616591454 188.023223877 0.010910789 0.997867048 -0.064360701 -17.876552582 -0.618388832 -0.043846920 -0.784648299 -8.692794800
-0.771120429 0.049549513 0.634758413 188.790618896 0.011811135 0.997908831 -0.063548729 -17.963104248 -0.636579871 -0.041506499 -0.770093083 -9.631103516
