1.000000000 0.000000000 0.000000000 0.000000000 0.000000000 1.000000000 0.000000000 0.000000000 0.000000000 0.000000000 1.000000000 0.000000000
0.999997497 0.000999792 0.002010356 -0.008541676 -0.000997480 0.999998868 -0.001150496 -0.016532058 -0.002011504 0.001148488 0.999997318 1.210962415
0.999940217 0.002508319 0.010643870 -0.110958092 -0.002508001 0.999996841 -0.000043212 -0.046203505 -0.010643945 0.000016514 0.999943376 2.467453241
0.999923229 0.002050709 0.012220993 -0.111424096 -0.002054723 0.999997854 0.000315908 -0.066133700 -0.012220318 -0.000340994 0.999925256 3.670246840
0.999910295 0.001920553 0.013253879 -0.102167137 -0.001923303 0.999998152 0.000194729 -0.084983729 -0.013253480 -0.000220203 0.999912143 4.872513771
0.999883592 0.001990085 0.015128798 -0.108851776 -0.001993647 0.999997973 0.000220364 -0.106642067 -0.015128329 -0.000250499 0.999885499 6.092673779
0.999872029 0.002395248 0.015817789 -0.096826218 -0.002386817 0.999997020 -0.000551863 -0.128178135 -0.015819063 0.000514038 0.999874711 7.284691334
0.999852061 0.002085676 0.017072601 -0.097721383 -0.002069208 0.999997377 -0.000982234 -0.147524029 -0.017074605 0.000946762 0.999853790 8.497257233
0.999844015 0.001674069 0.017580995 -0.085413702 -0.001679742 0.999998569 0.000307870 -0.163846254 -0.017580455 -0.000337353 0.999845386 9.686081886
0.999865830 0.001287326 0.016330346 -0.072274819 -0.001309892 0.999998212 0.001371242 -0.186001107 -0.016328551 -0.001392449 0.999865711 10.884767532
0.999899566 0.000012466 0.014170483 -0.068410151 -0.000025720 0.999999583 0.000935141 -0.209777921 -0.014170465 -0.000935412 0.999899149 12.079204559
0.999925435 0.000450319 0.012203288 -0.062947683 -0.000456007 0.999999762 0.000463368 -0.226495087 -0.012203077 -0.000468898 0.999925435 13.274805069
0.999942362 0.000284606 0.010731332 -0.054566905 -0.000290178 0.999999821 0.000517676 -0.250385910 -0.010731183 -0.000520760 0.999942303 14.479479790
0.999945343 0.001886792 0.010283565 -0.055869281 -0.001889011 0.999998212 0.000206036 -0.270934969 -0.010283158 -0.000225450 0.999947131 15.656176567
0.999952078 0.001654856 0.009647422 -0.048978172 -0.001658538 0.999998569 0.000373665 -0.290991127 -0.009646789 -0.000389648 0.999953389 16.849622726
0.999958932 0.000674827 0.009038515 -0.046805520 -0.000681744 0.999999464 0.000762201 -0.311505467 -0.009037996 -0.000768332 0.999958873 18.032548904
0.999956131 0.001134886 0.009297161 -0.051795363 -0.001142828 0.999998987 0.000848939 -0.327320963 -0.009296188 -0.000859527 0.999956429 19.243824005
0.999964476 0.001219819 0.008342903 -0.047878545 -0.001219504 0.999999285 -0.000042908 -0.349929810 -0.008342949 0.000032733 0.999965191 20.441364288
0.999962389 0.000710069 0.008643997 -0.053537548 -0.000701546 0.999999285 -0.000988995 -0.369519293 -0.008644694 0.000982894 0.999962151 21.639099121
0.999968469 0.001948397 0.007695233 -0.048331000 -0.001944238 0.999997973 -0.000547940 -0.386229664 -0.007696284 0.000532961 0.999970257 22.831850052
0.999969184 0.002153621 0.007552166 -0.060006648 -0.002149744 0.999997556 -0.000521439 -0.415595978 -0.007553271 0.000505187 0.999971330 24.023088455
0.999976397 0.001933014 0.006590403 -0.058839545 -0.001925217 0.999997437 -0.001189267 -0.435858071 -0.006592685 0.001176551 0.999977589 25.217632294
0.999977946 0.002537423 0.006139890 -0.069719613 -0.002535060 0.999996722 -0.000392576 -0.463561028 -0.006140866 0.000377002 0.999981046 26.401399612
0.999985456 0.000943306 0.005315520 -0.066500306 -0.000949525 0.999998868 0.001167567 -0.481194645 -0.005314413 -0.001172598 0.999985218 27.601266861
0.999988735 0.000905544 0.004660864 -0.073527917 -0.000912406 0.999998510 0.001470334 -0.504962862 -0.004659526 -0.001474570 0.999988079 28.796836853
0.999991715 0.000091557 0.004073541 -0.077625997 -0.000094229 0.999999762 0.000655774 -0.523365438 -0.004073480 -0.000656153 0.999991477 29.995319366
0.999994159 -0.000240644 0.003410811 -0.081229240 0.000241933 0.999999881 -0.000377441 -0.544466615 -0.003410719 0.000378264 0.999994099 31.173114777
0.999996185 0.000260080 0.002752514 -0.087950423 -0.000258682 0.999999821 -0.000508084 -0.561051667 -0.002752646 0.000507370 0.999996066 32.371307373
0.999997914 0.000150225 0.002028429 -0.088139825 -0.000150266 1.000000000 0.000020160 -0.583055377 -0.002028426 -0.000020464 0.999997914 33.572761536
0.999998510 -0.000228197 0.001714862 -0.096229143 0.000227772 0.999999940 0.000248122 -0.605361819 -0.001714919 -0.000247731 0.999998510 34.755935669
0.999998808 -0.000936440 0.001223119 -0.099881396 0.000936154 0.999999523 0.000233978 -0.626807749 -0.001223338 -0.000232833 0.999999225 35.956405640
0.999999106 -0.001102537 0.000777940 -0.102535971 0.001102396 0.999999404 0.000181532 -0.643848717 -0.000778139 -0.000180674 0.999999702 37.157199860
0.999997616 -0.001746575 0.001329178 -0.124159224 0.001745435 0.999998093 0.000858327 -0.669552267 -0.001330674 -0.000856005 0.999998748 38.346332550
0.999998152 -0.001462927 0.001237357 -0.119143367 0.001460474 0.999996960 0.001980972 -0.685314178 -0.001240251 -0.001979162 0.999997258 39.545394897
0.999998987 -0.000663323 0.001266718 -0.121869259 0.000659984 0.999996305 0.002634592 -0.702962756 -0.001268461 -0.002633754 0.999995708 40.757343292
0.999997437 0.000195087 0.002244520 -0.149044082 -0.000200292 0.999997318 0.002319058 -0.720159829 -0.002244062 -0.002319502 0.999994814 41.937114716
0.999997199 0.000975846 0.002163325 -0.150925592 -0.000979984 0.999997675 0.001912928 -0.732277274 -0.002161454 -0.001915043 0.999995828 43.134124756
0.999990702 0.003308482 0.002759821 -0.156499133 -0.003319891 0.999985933 0.004139756 -0.753206789 -0.002746086 -0.004148880 0.999987602 44.360248566
0.999983251 0.003561523 0.004558691 -0.157260820 -0.003595098 0.999966323 0.007377996 -0.774431825 -0.004532260 -0.007394261 0.999962389 45.568458557
0.999952197 0.004473411 0.008694660 -0.203311697 -0.004556729 0.999943674 0.009586695 -0.776153147 -0.008651285 -0.009625856 0.999916255 46.736804962
0.999937594 0.004997084 0.009992949 -0.195635080 -0.005127087 0.999902010 0.013026365 -0.783523440 -0.009926876 -0.013076787 0.999865234 47.944267273
0.999925494 0.004116334 0.011490110 -0.191521734 -0.004281077 0.999887884 0.014350234 -0.790823638 -0.011429752 -0.014398354 0.999831021 49.156208038
0.999868512 0.003525406 0.015827751 -0.229256123 -0.003721283 0.999916673 0.012363157 -0.786599696 -0.015782848 -0.012420431 0.999798298 50.342903137
0.999845326 0.004636471 0.016965831 -0.218131378 -0.004819506 0.999930441 0.010763520 -0.791699827 -0.016914746 -0.010843622 0.999798119 51.552486420
0.999830723 0.004761377 0.017771808 -0.203330204 -0.004945107 0.999934614 0.010308691 -0.798730195 -0.017721564 -0.010394829 0.999788940 52.747417450
0.999797761 0.004431488 0.019616179 -0.223830730 -0.004623226 0.999941885 0.009739979 -0.811620831 -0.019571876 -0.009828699 0.999760151 53.941322327
0.999805748 0.003961308 0.019306095 -0.218692809 -0.004121629 0.999957323 0.008271428 -0.815969050 -0.019272504 -0.008349394 0.999779403 55.144775391
0.999824047 0.003854364 0.018359041 -0.215812966 -0.004022283 0.999950349 0.009118216 -0.830771685 -0.018322986 -0.009190456 0.999789894 56.343158722
0.999851227 0.003675035 0.016852880 -0.202024847 -0.003844585 0.999942243 0.010039225 -0.836080611 -0.016815010 -0.010102523 0.999807596 57.547000885
0.999854922 0.003737750 0.016618470 -0.200246170 -0.003919413 0.999932766 0.010912302 -0.852844238 -0.016576566 -0.010975854 0.999802351 58.741931915
0.999866188 0.004810194 0.015635712 -0.188513532 -0.004976810 0.999931037 0.010634710 -0.858781874 -0.015583479 -0.010711104 0.999821186 59.946983337
0.999861479 0.005299247 0.015777839 -0.189408958 -0.005463804 0.999930918 0.010404831 -0.865755022 -0.015721612 -0.010489597 0.999821365 61.136821747
0.999868333 0.004047127 0.015712798 -0.175235778 -0.004203768 0.999941647 0.009948790 -0.874925792 -0.015671618 -0.010013534 0.999827027 62.335422516
0.999864757 0.003644318 0.016038403 -0.171763092 -0.003789191 0.999952197 0.009011777 -0.889104486 -0.016004793 -0.009071331 0.999830782 63.528747559
0.999871910 0.003126456 0.015697829 -0.159673885 -0.003290698 0.999939978 0.010447816 -0.901351750 -0.015664224 -0.010498134 0.999822199 64.732849121
0.999870479 0.002585592 0.015886338 -0.152058169 -0.002773246 0.999926507 0.011801616 -0.909972250 -0.015854657 -0.011844144 0.999804139 65.930839539
0.999866903 0.003582611 0.015915103 -0.153369993 -0.003745903 0.999940515 0.010242298 -0.918918669 -0.015877463 -0.010300552 0.999820888 67.110702515
0.999853432 0.005741633 0.016127763 -0.146740794 -0.005884965 0.999943495 0.008853948 -0.924451172 -0.016076017 -0.008947561 0.999830723 68.310134888
0.999833107 0.008064669 0.016392441 -0.141257346 -0.008213987 0.999925196 0.009062126 -0.933302879 -0.016318131 -0.009195262 0.999824584 69.512367249
0.999807298 0.010494214 0.016589260 -0.133114859 -0.010645083 0.999902546 0.009032412 -0.939667821 -0.016492855 -0.009207266 0.999821603 70.711029053
0.999792039 0.011579377 0.016785555 -0.125970334 -0.011745244 0.999882817 0.009816861 -0.953457654 -0.016669914 -0.010011969 0.999810934 71.914657593
0.999771833 0.011876237 0.017753983 -0.112404995 -0.012072616 0.999866664 0.010995199 -0.965943933 -0.017621035 -0.011207027 0.999781907 73.101280212
0.999699175 0.014246477 0.019965837 -0.100623645 -0.014477522 0.999829352 0.011475676 -0.968954921 -0.019798942 -0.011761279 0.999734819 74.303466797
0.999649763 0.012831583 0.023145894 -0.085964583 -0.013051452 0.999870896 0.009373372 -0.984012246 -0.023022629 -0.009672177 0.999688148 75.487976074
0.999616921 0.010460904 0.025624136 -0.058332793 -0.010567008 0.999936104 0.004008856 -0.991258442 -0.025580563 -0.004278091 0.999663591 76.668807983
0.999523461 0.011707923 0.028561931 -0.041237440 -0.011816608 0.999923587 0.003639424 -1.006595373 -0.028517138 -0.003975194 0.999585390 77.840660095
0.999448597 0.010888911 0.031366836 -0.008899773 -0.011120636 0.999912083 0.007222607 -1.022209883 -0.031285431 -0.007567444 0.999481857 79.021934509
0.999325275 0.011024367 0.035034679 0.021791063 -0.011329173 0.999899566 0.008513562 -1.035767555 -0.034937304 -0.008904732 0.999349833 80.206840515
0.999167740 0.011120182 0.039244864 0.059438489 -0.011393839 0.999912262 0.006756320 -1.047430515 -0.039166290 -0.007197847 0.999206781 81.372451782
0.999028563 0.010172670 0.042877004 0.103431448 -0.010338029 0.999939919 0.003636618 -1.063172340 -0.042837434 -0.004076350 0.999073744 82.545463562
0.998893082 0.008971912 0.046175327 0.146253347 -0.008989256 0.999959588 0.000167978 -1.080353260 -0.046171952 -0.000582874 0.998933315 83.742340088
0.998721957 0.008347200 0.049847182 0.195831388 -0.008315737 0.999965072 -0.000838532 -1.098131657 -0.049852438 0.000422944 0.998756528 84.904953003
0.998544216 0.008296764 0.053297650 0.253905475 -0.008358982 0.999964595 0.000944550 -1.125346541 -0.053287927 -0.001388690 0.998578250 86.086570740
0.998298228 0.009491826 0.057537131 0.304097056 -0.009590945 0.999952972 0.001446785 -1.148343205 -0.057520691 -0.001996158 0.998342335 87.248435974
0.998091877 0.009042459 0.061081082 0.368890345 -0.009007295 0.999959052 -0.000851009 -1.164332628 -0.061086278 0.000299210 0.998132467 88.413597107
0.997876942 0.009199452 0.064474978 0.438631833 -0.009021691 0.999954641 -0.003047653 -1.186743379 -0.064500093 0.002459510 0.997914672 89.561149597
0.997683823 0.008897459 0.067437552 0.513208687 -0.008679278 0.999956131 -0.003527615 -1.208118558 -0.067465976 0.002934135 0.997717261 90.727256775
0.997495294 0.007692528 0.070313103 0.593648076 -0.007539416 0.999968588 -0.002442711 -1.229685426 -0.070329688 0.001906473 0.997521996 91.886093140
0.997291684 0.007153912 0.073198855 0.673937380 -0.007105491 0.999974310 -0.000921894 -1.249920845 -0.073203571 0.000399283 0.997316957 93.043289185
0.997082651 0.006267165 0.076071687 0.753298879 -0.006345725 0.999979556 0.000791035 -1.271425605 -0.076065175 -0.001271457 0.997102022 94.228034973
0.996922076 0.004725951 0.078255966 0.843300402 -0.004866056 0.999986887 0.001599747 -1.288733125 -0.078247383 -0.001975621 0.996932030 95.382247925
0.996715128 0.003756094 0.080899999 0.925360918 -0.003726211 0.999992907 -0.000520354 -1.309263349 -0.080901384 0.000217194 0.996722102 96.543121338
0.996547520 0.002591762 0.082983613 1.021216273 -0.002273247 0.999989688 -0.003932545 -1.331134915 -0.082992949 0.003730326 0.996543169 97.694519043
0.996355891 0.003363861 0.085226573 1.112454057 -0.002792258 0.999972820 -0.006825187 -1.354932427 -0.085247219 0.006562341 0.996338248 98.872085571
0.996202409 0.003623195 0.086992241 1.201323152 -0.002969646 0.999966383 -0.007640962 -1.378164768 -0.087017007 0.007353608 0.996179700 100.040138245
0.996166408 0.003540375 0.087406971 1.302022219 -0.002921035 0.999969721 -0.007212588 -1.401982665 -0.087429859 0.006929619 0.996146560 101.229835510
0.996228099 0.003768938 0.086691551 1.403188705 -0.003313877 0.999979973 -0.005392513 -1.427060246 -0.086710133 0.005084887 0.996220589 102.424438477
0.996328175 0.003284104 0.085553713 1.487452388 -0.002946880 0.999987364 -0.004067658 -1.448482752 -0.085565992 0.003800606 0.996325254 103.604423523
0.996505022 0.003509049 0.083459437 1.585438132 -0.003251018 0.999989510 -0.003227400 -1.469104052 -0.083469883 0.002944792 0.996505976 104.799484253
0.996705413 0.004075873 0.081004456 1.670830965 -0.003850451 0.999988258 -0.002938845 -1.487313628 -0.081015483 0.002617259 0.996709406 106.002349854
0.996927857 0.004667575 0.078185871 1.762876511 -0.004470107 0.999986351 -0.002700455 -1.516498208 -0.078197412 0.002342659 0.996935129 107.220787048
0.997211337 0.006146718 0.074375644 1.841098309 -0.005922253 0.999977231 -0.003238161 -1.535328388 -0.074393854 0.002788659 0.997225046 108.422073364
0.997497618 0.006186354 0.070428886 1.920551896 -0.005997546 0.999977827 -0.002891973 -1.557051063 -0.070445217 0.002462336 0.997512639 109.625152588
0.997764468 0.006653606 0.066496268 1.994103312 -0.006548398 0.999976933 -0.001800011 -1.578828096 -0.066506714 0.001360543 0.997785032 110.842437744
0.998039126 0.007286034 0.062167253 2.069384336 -0.007248625 0.999973357 -0.000827258 -1.604238510 -0.062171623 0.000375009 0.998065412 112.064796448
0.998312831 0.007358971 0.057596549 2.133644819 -0.007354720 0.999972939 -0.000285801 -1.621847153 -0.057597090 -0.000138287 0.998339891 113.282669067
0.998568833 0.007894455 0.052895881 2.191548586 -0.007895505 0.999968827 -0.000189132 -1.643888950 -0.052895725 -0.000228778 0.998600006 114.509201050
0.998825610 0.008448495 0.047708243 2.246724606 -0.008443429 0.999964297 -0.000307694 -1.660192847 -0.047709141 -0.000095489 0.998861253 115.731849670
0.999035656 0.008764936 0.043022353 2.286590099 -0.008742853 0.999961555 -0.000701402 -1.680473089 -0.043026846 0.000324587 0.999073863 116.962242126
0.999210775 0.010025856 0.038435657 2.319193363 -0.009976711 0.999949157 -0.001470217 -1.697807550 -0.038448442 0.001085595 0.999260008 118.196685791
0.999318600 0.012012561 0.034900278 2.358503103 -0.011984263 0.999927640 -0.001019926 -1.727743030 -0.034910008 0.000600977 0.999390304 119.425048828
0.999371588 0.013750912 0.032669988 2.385470390 -0.013729306 0.999905348 -0.000885574 -1.749298811 -0.032679074 0.000436481 0.999465823 120.644790649
0.999383450 0.015022359 0.031734489 2.420853138 -0.014990631 0.999886870 -0.001237474 -1.768381119 -0.031749491 0.000760991 0.999495566 121.913482666
0.999383211 0.017164610 0.030636538 2.450351954 -0.017136376 0.999852479 -0.001183884 -1.784630418 -0.030652339 0.000658155 0.999529898 123.161384583
0.999379158 0.018645559 0.029893752 2.473193884 -0.018644337 0.999826133 -0.000319660 -1.804453969 -0.029894514 -0.000237888 0.999553025 124.392654419
0.999406815 0.018182354 0.029247658 2.504968643 -0.018189810 0.999834538 -0.000011117 -1.822707176 -0.029243022 -0.000520899 0.999572217 125.655296326
0.999346972 0.021927817 0.028718904 2.522558451 -0.021992965 0.999756217 0.001954502 -1.840206146 -0.028669044 -0.002584840 0.999585629 126.902938843
0.999351382 0.022898110 0.027793929 2.556042910 -0.023050074 0.999720991 0.005159450 -1.855015635 -0.027668033 -0.005796756 0.999600351 128.161865234
0.999399245 0.021729149 0.026999792 2.587786674 -0.021862460 0.999750137 0.004652131 -1.869380951 -0.026891960 -0.005239618 0.999624610 129.413070679
0.999408841 0.021732764 0.026638292 2.613101006 -0.021825546 0.999756694 0.003197204 -1.883796096 -0.026562328 -0.003776710 0.999640048 130.659118652
0.999479294 0.019152742 0.025967728 2.646100998 -0.019272160 0.999804795 0.004356177 -1.902357221 -0.025879225 -0.004854362 0.999653280 131.936584473
0.999561489 0.016681790 0.024464790 2.682094097 -0.016839463 0.999838650 0.006253086 -1.915324211 -0.024356531 -0.006662318 0.999681115 133.193161011
0.999606252 0.013351317 0.024679443 2.705767870 -0.013558373 0.999874115 0.008241591 -1.932119846 -0.024566300 -0.008572959 0.999661446 134.453201294
0.999623537 0.011678870 0.024827313 2.729914665 -0.011910195 0.999886811 0.009189967 -1.941514254 -0.024717174 -0.009482206 0.999649525 135.751892090
0.999652803 0.007808312 0.025166074 2.758164883 -0.007988502 0.999943137 0.007067479 -1.947910666 -0.025109457 -0.007266064 0.999658287 137.024719238
0.999667585 0.004962137 0.025300644 2.785835505 -0.005121705 0.999967396 0.006245949 -1.962564588 -0.025268827 -0.006373455 0.999660373 138.305923462
0.999668300 0.003671836 0.025491461 2.811868429 -0.003816099 0.999976993 0.005612928 -1.971456051 -0.025470264 -0.005708345 0.999659300 139.586471558
0.999657869 0.003727053 0.025888236 2.844372511 -0.003895540 0.999971569 0.006460847 -1.989738822 -0.025863418 -0.006559485 0.999643981 140.871871948
0.999650061 0.004087145 0.026136067 2.874176979 -0.004313790 0.999953508 0.008621232 -2.004879236 -0.026099615 -0.008730960 0.999621212 142.140472412
0.999597847 0.007090695 0.027456313 2.891041040 -0.007372062 0.999921203 0.010160180 -2.016147375 -0.027382107 -0.010358504 0.999571383 143.423706055
0.999580860 0.006775680 0.028146205 2.919177055 -0.007014744 0.999940097 0.008403576 -2.024757385 -0.028087579 -0.008597492 0.999568522 144.702255249
0.999571562 0.007386387 0.028321059 2.951938868 -0.007580812 0.999948382 0.006763809 -2.043554783 -0.028269639 -0.006975608 0.999575973 145.979705811
0.999553204 0.007225999 0.029003248 2.981034517 -0.007344698 0.999965072 0.003988166 -2.054212332 -0.028973415 -0.004199404 0.999571383 147.254379272
0.999552488 0.006066401 0.029292932 3.015874624 -0.006069588 0.999981582 0.000019895 -2.073317766 -0.029292271 -0.000197682 0.999570847 148.527954102
0.999529481 0.006591973 0.029956423 3.041268349 -0.006484003 0.999972105 -0.003699941 -2.096591234 -0.029979978 0.003503962 0.999544382 149.805358887
0.999527872 0.006208308 0.030091288 3.080934763 -0.006074988 0.999971330 -0.004519911 -2.123698950 -0.030118486 0.004334974 0.999536932 151.074707031
0.999521911 0.006427018 0.030242674 3.107757330 -0.006296310 0.999970436 -0.004415233 -2.150731087 -0.030270157 0.004222705 0.999532819 152.345703125
0.999519706 0.006832402 0.030226950 3.137214184 -0.006728598 0.999971092 -0.003534537 -2.182308912 -0.030250225 0.003329454 0.999536812 153.609863281
0.999527216 0.007302181 0.029866854 3.171182632 -0.007220929 0.999969959 -0.002827442 -2.205847740 -0.029886603 0.002610439 0.999549866 154.869308472
0.999517977 0.008027814 0.029988507 3.196354866 -0.007966155 0.999965906 -0.002175027 -2.230692625 -0.030004945 0.001935086 0.999547899 156.137115479
0.999526501 0.008470580 0.029580722 3.224248171 -0.008401794 0.999961734 -0.002448892 -2.256354570 -0.029600332 0.002199201 0.999559402 157.400161743
0.999540389 0.008728138 0.029032487 3.252807140 -0.008664805 0.999959826 -0.002306569 -2.279488802 -0.029051453 0.002053948 0.999575794 158.687225342
0.999567986 0.008210246 0.028221548 3.286070824 -0.008180072 0.999965847 -0.001184485 -2.302495718 -0.028230308 0.000953119 0.999601007 159.966262817
0.999568820 0.009356951 0.027832242 3.312897682 -0.009334696 0.999956012 -0.000929442 -2.325431347 -0.027839713 0.000669236 0.999612153 161.230072021
0.999586344 0.009557932 0.027126394 3.340728760 -0.009506789 0.999952793 -0.002013705 -2.348554850 -0.027144361 0.001754987 0.999629974 162.497070312
0.999599099 0.010154678 0.026429066 3.369512081 -0.010079839 0.999944806 -0.002963367 -2.376297712 -0.026457699 0.002695779 0.999646306 163.746292114
0.999601483 0.011219214 0.025902994 3.393072128 -0.011143779 0.999933243 -0.003054712 -2.399018764 -0.025935536 0.002764837 0.999659777 165.018951416
0.999629319 0.010529220 0.025107112 3.418861389 -0.010433524 0.999937832 -0.003939460 -2.428877354 -0.025147030 0.003676043 0.999677002 166.293579102
0.999654233 0.010779119 0.023983445 3.443752766 -0.010663551 0.999930918 -0.004941350 -2.455629587 -0.024035051 0.004683893 0.999700129 167.560317993
0.999660134 0.011299069 0.023493320 3.463752985 -0.011188529 0.999925733 -0.004831299 -2.479984999 -0.023546165 0.004566801 0.999712348 168.832015991
0.999670029 0.011254883 0.023089606 3.492196560 -0.011181477 0.999931991 -0.003305814 -2.511912346 -0.023125242 0.003046547 0.999727905 170.110641479
0.999687374 0.011207332 0.022350257 3.512619495 -0.011155602 0.999934793 -0.002437881 -2.541739941 -0.022376122 0.002187788 0.999747217 171.380249023
0.999695182 0.011907347 0.021627486 3.535075188 -0.011856705 0.999926686 -0.002468275 -2.567100286 -0.021655289 0.002211092 0.999763072 172.639556885
0.999704540 0.012195710 0.021025158 3.551158428 -0.012150874 0.999923646 -0.002258894 -2.590784788 -0.021051101 0.002002753 0.999776423 173.913940430
0.999709487 0.012507896 0.020601908 3.569654703 -0.012445011 0.999917507 -0.003177747 -2.615507126 -0.020639956 0.002920433 0.999782681 175.183044434
0.999703765 0.013745324 0.020085298 3.587218046 -0.013673589 0.999899626 -0.003704528 -2.642910004 -0.020134201 0.003428793 0.999791384 176.455276489
0.999714196 0.013502428 0.019727357 3.604947805 -0.013435566 0.999903560 -0.003517928 -2.667804718 -0.019772954 0.003251874 0.999799192 177.731857300
0.999719322 0.013600416 0.019397991 3.623637438 -0.013519886 0.999899447 -0.004276625 -2.699935436 -0.019454205 0.004013167 0.999802709 178.982040405
0.999741375 0.012039059 0.019293351 3.642267704 -0.011929435 0.999912083 -0.005786987 -2.726830959 -0.019361326 0.005555331 0.999797106 180.248962402
0.999771059 0.009217574 0.019311022 3.660934687 -0.009106179 0.999941409 -0.005848546 -2.754760027 -0.019363800 0.005671357 0.999796391 181.510681152
0.999774575 0.009195535 0.019136887 3.678471327 -0.009155063 0.999955654 -0.002201417 -2.781258345 -0.019156283 0.002025721 0.999814451 182.779479980
0.999785364 0.008305922 0.018979056 3.702176332 -0.008351739 0.999962389 0.002336069 -2.808778286 -0.018958939 -0.002494076 0.999817133 184.046401978
0.999775112 0.009885121 0.018761706 3.720644712 -0.009922828 0.999948919 0.001917742 -2.830786467 -0.018741790 -0.002103480 0.999822140 185.291381836
0.999757886 0.010748923 0.019200964 3.732515812 -0.010721980 0.999941409 -0.001505599 -2.849076033 -0.019216022 0.001299362 0.999814510 186.558029175
0.999761105 0.011244573 0.018741874 3.752363205 -0.011187270 0.999932408 -0.003159489 -2.877854586 -0.018776136 0.002949064 0.999819338 187.798370361
0.999763608 0.011012432 0.018747851 3.766721725 -0.010958225 0.999935508 -0.002991637 -2.904257774 -0.018779587 0.002785487 0.999819756 189.044769287
0.999761462 0.011013271 0.018861450 3.786731243 -0.010977825 0.999937773 -0.001981797 -2.926626682 -0.018882103 0.001774267 0.999820113 190.311264038
0.999757588 0.011090052 0.019021839 3.803570986 -0.011097386 0.999938369 0.000280051 -2.953204632 -0.019017562 -0.000491075 0.999819040 191.544448853
0.999750257 0.010427356 0.019766163 3.823682070 -0.010450616 0.999944806 0.001073805 -2.976845026 -0.019753877 -0.001280105 0.999804080 192.797515869
0.999719322 0.010231115 0.021368155 3.838833332 -0.010241624 0.999947488 0.000382457 -2.998258829 -0.021363121 -0.000601194 0.999771595 194.038986206
0.999697745 0.009336391 0.022742864 3.861679316 -0.009315039 0.999956071 -0.001044626 -3.023605108 -0.022751616 0.000832459 0.999740779 195.273757935
0.999673128 0.009198818 0.023853797 3.884587049 -0.009144125 0.999955297 -0.002400936 -3.051198244 -0.023874817 0.002182029 0.999712586 196.503326416
0.999638855 0.008571428 0.025470443 3.908286810 -0.008494929 0.999959052 -0.003110117 -3.071499586 -0.025496058 0.002892625 0.999670744 197.728744507
0.999597311 0.008825798 0.026968736 3.934948444 -0.008770175 0.999959171 -0.002180065 -3.100226164 -0.026986875 0.001942667 0.999633908 198.935897827
0.999570668 0.008217137 0.028123161 3.964849234 -0.008206612 0.999966204 -0.000489648 -3.126428366 -0.028126234 0.000258642 0.999604344 200.162567139
0.999530554 0.009354098 0.029175144 3.989753723 -0.009357360 0.999956191 -0.000024698 -3.152665854 -0.029174099 -0.000248316 0.999574304 201.372268677
0.999494195 0.008853740 0.030543795 4.021214485 -0.008860936 0.999960721 0.000100246 -3.178276300 -0.030541709 -0.000370842 0.999533415 202.585327148
0.999463856 0.009070850 0.031460699 4.054074764 -0.009076081 0.999958813 0.000023471 -3.196553946 -0.031459190 -0.000308999 0.999504983 203.792907715
0.999426782 0.009266759 0.032560792 4.085378647 -0.009272512 0.999957025 0.000025695 -3.220842361 -0.032559156 -0.000327600 0.999469757 204.967422485
0.999383688 0.009543111 0.033781260 4.112398624 -0.009553594 0.999954343 0.000148896 -3.247108936 -0.033778299 -0.000471536 0.999429226 206.184310913
0.999356806 0.009209689 0.034657001 4.142757893 -0.009216943 0.999957502 0.000049549 -3.266425848 -0.034655072 -0.000368949 0.999399245 207.363250732
0.999344885 0.008358916 0.035212766 4.178773403 -0.008372303 0.999964952 0.000232742 -3.292590618 -0.035209585 -0.000527401 0.999379814 208.516937256
0.999335527 0.008388466 0.035469614 4.211764812 -0.008435413 0.999963760 0.001174134 -3.321909904 -0.035458479 -0.001472555 0.999370039 209.665664673
0.999359965 0.007700123 0.034933917 4.247835636 -0.007778628 0.999967515 0.002111901 -3.341392279 -0.034916520 -0.002382288 0.999387383 210.804718018
0.999362528 0.008074552 0.034775913 4.275694370 -0.008160578 0.999963999 0.002332500 -3.370204449 -0.034755826 -0.002614805 0.999392390 211.916259766
0.999369442 0.008723889 0.034417816 4.305540562 -0.008775013 0.999960601 0.001334636 -3.392120600 -0.034404818 -0.001635811 0.999406636 213.019271851
0.999389887 0.008753807 0.033811770 4.339757919 -0.008775641 0.999961376 0.000497406 -3.411934376 -0.033806108 -0.000793822 0.999428093 214.093322754
0.999403954 0.008704716 0.033405505 4.365941048 -0.008721143 0.999961913 0.000346066 -3.433441401 -0.033401221 -0.000637194 0.999441803 215.161300659
0.999449015 0.008393301 0.032112997 4.395125389 -0.008411872 0.999964535 0.000443268 -3.457678795 -0.032108139 -0.000713154 0.999484122 216.233093262
0.999498248 0.007956360 0.030658470 4.423732758 -0.008000047 0.999967158 0.001302580 -3.479233503 -0.030647101 -0.001547196 0.999529064 217.277389526
0.999569237 0.006901118 0.028525215 4.449813843 -0.006982370 0.999971867 0.002749808 -3.499011040 -0.028505435 -0.002947798 0.999589264 218.326339722
0.999632180 0.007061852 0.026184615 4.473340511 -0.007172902 0.999965668 0.004149538 -3.515027046 -0.026154412 -0.004335832 0.999648511 219.351104736
0.999685943 0.007257054 0.023986321 4.491062641 -0.007367100 0.999962747 0.004502686 -3.537373781 -0.023952752 -0.004677982 0.999702156 220.353561401
0.999749541 0.007226254 0.021181867 4.511590958 -0.007321220 0.999963462 0.004409268 -3.558638096 -0.021149231 -0.004563241 0.999765933 221.339172363
0.999794722 0.007709471 0.018735830 4.516073704 -0.007794746 0.999959588 0.004482693 -3.577700377 -0.018700512 -0.004627814 0.999814391 222.310607910
0.999838829 0.008181300 0.015981203 4.520676613 -0.008261445 0.999953568 0.004955393 -3.595047235 -0.015939919 -0.005086622 0.999859989 223.256088257
0.999877453 0.008685576 0.013022386 4.530693054 -0.008750435 0.999949574 0.004931868 -3.617788553 -0.012978893 -0.005045215 0.999903023 224.182220459
0.999906123 0.008902823 0.010414289 4.528485298 -0.008945016 0.999951959 0.004012043 -3.627941132 -0.010378070 -0.004104822 0.999937713 225.082687378
0.999938369 0.008845737 0.006712783 4.535359859 -0.008870767 0.999953806 0.003708116 -3.649138212 -0.006679672 -0.003767435 0.999970615 225.972412109
0.999951601 0.009370613 0.002990319 4.538791180 -0.009380772 0.999950230 0.003401415 -3.664539814 -0.002958297 -0.003429302 0.999989748 226.838302612
0.999947369 0.010241658 0.000640844 4.525169373 -0.010243639 0.999942541 0.003167585 -3.689465523 -0.000608365 -0.003173983 0.999994755 227.665054321
0.999926388 0.012029224 -0.001602660 4.513968945 -0.012024532 0.999923468 0.002905414 -3.703365564 0.001637487 -0.002885929 0.999994516 228.478515625
0.999915481 0.012748052 -0.002553978 4.512332439 -0.012739046 0.999912679 0.003512001 -3.719702959 0.002598526 -0.003479169 0.999990582 229.285964966
0.999917507 0.012633266 -0.002323233 4.506347179 -0.012623064 0.999910831 0.004354526 -3.733065844 0.002378037 -0.004324840 0.999987841 230.066162109
0.999916434 0.012812321 -0.001715825 4.495625019 -0.012803160 0.999904275 0.005248206 -3.748286009 0.001782903 -0.005225800 0.999984741 230.835083008
0.999924541 0.012166802 -0.001692075 4.499089241 -0.012158641 0.999914765 0.004752384 -3.762063980 0.001749752 -0.004731452 0.999987304 231.579086304
0.999916792 0.012842472 -0.001227218 4.495060444 -0.012838558 0.999912620 0.003145115 -3.777929544 0.001267502 -0.003129098 0.999994278 232.308975220
0.999913752 0.013128567 -0.000394865 4.493734360 -0.013128228 0.999913454 0.000849402 -3.789848566 0.000405982 -0.000844145 0.999999583 233.035629272
0.999911845 0.013241178 0.000969979 4.486635685 -0.013240620 0.999912143 -0.000578699 -3.804687023 -0.000977556 0.000565805 0.999999344 233.788864136
0.999901474 0.013860058 0.002211547 4.485301495 -0.013857784 0.999903440 -0.001040500 -3.818993330 -0.002225755 0.001009750 0.999997020 234.507476807
0.999898791 0.013729203 0.003728180 4.491443634 -0.013724753 0.999905050 -0.001216514 -3.831402540 -0.003744528 0.001165223 0.999992311 235.239227295
0.999898612 0.012907282 0.006010322 4.484176159 -0.012900123 0.999916017 -0.001228245 -3.849867582 -0.006025671 0.001150587 0.999981165 235.960845947
0.999883354 0.012974217 0.008058823 4.483791351 -0.012963817 0.999915063 -0.001341339 -3.863156080 -0.008075542 0.001236710 0.999966621 236.670349121
0.999876201 0.011899745 0.010296008 4.489584446 -0.011886173 0.999928415 -0.001378400 -3.881576777 -0.010311672 0.001255849 0.999946058 237.377456665
0.999837458 0.012126288 0.013343044 4.492273808 -0.012111701 0.999925971 -0.001173477 -3.894671440 -0.013356286 0.001011679 0.999910295 238.089263916
0.999803305 0.011610412 0.016081033 4.512019157 -0.011602732 0.999932528 -0.000570801 -3.910402536 -0.016086575 0.000384105 0.999870539 238.815795898
0.999760449 0.011111033 0.018857395 4.525244236 -0.011105986 0.999938250 -0.000372346 -3.924591064 -0.018860368 0.000162827 0.999822140 239.514633179
0.999688625 0.010713961 0.022536216 4.530831814 -0.010705888 0.999942601 -0.000478830 -3.937042952 -0.022540053 0.000237411 0.999745905 240.209411621
0.999626577 0.010026840 0.025419170 4.549850941 -0.010010487 0.999949574 -0.000770477 -3.952153444 -0.025425615 0.000515731 0.999676585 240.899734497
0.999560475 0.009910484 0.027939348 4.573447704 -0.009886466 0.999950647 -0.000997655 -3.965265274 -0.027947856 0.000720995 0.999609113 241.617431641
0.999467015 0.011414418 0.030584136 4.596058846 -0.011348215 0.999932885 -0.002337357 -3.974195957 -0.030608762 0.001989036 0.999529481 242.309448242
0.999371648 0.011110011 0.033659115 4.615135670 -0.011033648 0.999936104 -0.002453600 -3.990352631 -0.033684224 0.002080676 0.999430358 243.002883911
0.999269545 0.011272419 0.036514420 4.638112068 -0.011239767 0.999936223 -0.001099389 -4.006599903 -0.036524486 0.000688173 0.999332547 243.703857422
0.999179780 0.011287931 0.038888924 4.664465427 -0.011259297 0.999936163 -0.000955235 -4.014564991 -0.038897224 0.000516589 0.999243081 244.420394897
0.999086976 0.011083921 0.041259661 4.690245628 -0.011044258 0.999938309 -0.001189134 -4.027725220 -0.041270297 0.000732366 0.999147773 245.125747681
0.998992264 0.010913327 0.043536082 4.719573498 -0.010806787 0.999938011 -0.002681798 -4.042078018 -0.043562651 0.002208611 0.999048233 245.824172974
0.998908341 0.011118595 0.045370314 4.747663021 -0.010901191 0.999927878 -0.005036395 -4.056356430 -0.045423042 0.004536307 0.998957515 246.537200928
0.998873711 0.010292131 0.046318259 4.780635834 -0.009993866 0.999927819 -0.006666450 -4.069190979 -0.046383530 0.006196043 0.998904467 247.254119873
0.998865783 0.010167775 0.046516180 4.812726974 -0.009849411 0.999926507 -0.007068234 -4.083668232 -0.046584629 0.006602061 0.998892546 247.973648071
0.998885930 0.009193694 0.046286114 4.847348213 -0.008857715 0.999932945 -0.007458634 -4.100865841 -0.046351582 0.007040335 0.998900354 248.708740234
0.998870313 0.010510996 0.046342906 4.881175995 -0.010162015 0.999918282 -0.007759586 -4.116460800 -0.046420678 0.007279882 0.998895466 249.439727783
0.998829842 0.011263249 0.047033176 4.902075768 -0.010885433 0.999906480 -0.008281379 -4.132462025 -0.047122050 0.007759712 0.998858988 250.184921265
0.998848200 0.009899550 0.046950087 4.941942692 -0.009435760 0.999904573 -0.010089730 -4.149555206 -0.047045492 0.009635098 0.998846292 250.923522949
0.998853922 0.006641736 0.047399532 4.974940777 -0.006061859 0.999905169 -0.012367088 -4.166748047 -0.047477175 0.012065586 0.998799443 251.688735962
0.998849332 0.003201178 0.047851324 5.018216610 -0.002579929 0.999911666 -0.013039024 -4.186961651 -0.047888838 0.012900568 0.998769343 252.441757202
0.998804033 0.005444779 0.048588667 5.050522804 -0.005006490 0.999945700 -0.009137523 -4.201785088 -0.048635781 0.008883337 0.998777092 253.211914062
0.998744726 0.008910824 0.049290910 5.073782921 -0.008773202 0.999956965 -0.003007675 -4.216334343 -0.049315594 0.002571461 0.998779953 254.009277344
0.998720169 0.007820919 0.049968675 5.115323067 -0.007868507 0.999968767 0.000755706 -4.237410069 -0.049961206 -0.001147917 0.998750508 254.793914795
0.998595715 0.007248571 0.052478962 5.154532433 -0.007157874 0.999972522 -0.001915998 -4.240986824 -0.052491412 0.001537669 0.998620212 255.591018677
0.998366535 0.008296490 0.056527887 5.193115234 -0.007858561 0.999937415 -0.007965020 -4.253156185 -0.056590430 0.007507781 0.998369277 256.384338379
0.998128414 0.010577695 0.060230866 5.234929562 -0.009892118 0.999882996 -0.011669313 -4.269061565 -0.060347255 0.011051661 0.998116255 257.195159912
0.997918487 0.012411869 0.063281976 5.286583900 -0.011712031 0.999866247 -0.011418048 -4.287591934 -0.063415229 0.010653121 0.997930348 258.039093018
0.997724414 0.010670590 0.066574208 5.340661526 -0.010092131 0.999908388 -0.009019214 -4.306881905 -0.066664353 0.008326815 0.997740686 258.863525391
0.997561872 0.007031081 0.069432467 5.403832912 -0.006650693 0.999961615 -0.005708188 -4.328129292 -0.069469936 0.005232497 0.997570336 259.694671631
0.997374773 0.004995010 0.072240211 5.464804649 -0.004691492 0.999979436 -0.004370583 -4.345381260 -0.072260559 0.004020195 0.997377694 260.561798096
0.997144818 0.005116113 0.075339735 5.524382114 -0.004843517 0.999981046 -0.003800489 -4.363041878 -0.075357750 0.003424728 0.997150660 261.400665283
0.996942461 0.007498915 0.077778518 5.587851524 -0.007065546 0.999957979 -0.005845541 -4.382083893 -0.077819087 0.005278121 0.996953547 262.240936279
0.996741772 0.008954089 0.080160044 5.655681133 -0.008282702 0.999927819 -0.008704172 -4.388875008 -0.080232196 0.008011870 0.996743977 263.124938965
0.996535063 0.009055829 0.082679421 5.717720032 -0.008338795 0.999924600 -0.009013655 -4.406247616 -0.082754813 0.008292977 0.996535420 263.962341309
0.996292889 0.010109149 0.085430034 5.787011147 -0.009566558 0.999931395 -0.006758295 -4.427734852 -0.085492499 0.005915970 0.996321261 264.801574707
0.996028960 0.011217074 0.088320404 5.864203453 -0.010836485 0.999929845 -0.004787494 -4.455305576 -0.088367909 0.003811400 0.996080637 265.687957764
0.995743096 0.011515497 0.091449618 5.931530476 -0.011112035 0.999926150 -0.004919800 -4.473551750 -0.091499522 0.003882666 0.995797575 266.529846191
0.995511711 0.012020965 0.093872033 6.007317543 -0.011556395 0.999918163 -0.005491030 -4.489101887 -0.093930356 0.004381563 0.995569110 267.369140625
0.995296001 0.010134562 0.096348949 6.100620270 -0.009581414 0.999934852 -0.006202020 -4.506428242 -0.096405528 0.005249687 0.995328307 268.248992920
0.995131135 0.007151061 0.098300219 6.180847168 -0.006662467 0.999963760 -0.005297792 -4.524778843 -0.098334536 0.004617076 0.995142698 269.085845947
0.995039463 0.006457417 0.099271126 6.259944916 -0.005915191 0.999965966 -0.005755430 -4.539447308 -0.099304907 0.005139673 0.995043755 269.937652588
0.995019555 0.005596897 0.099522777 6.349451542 -0.005064554 0.999971509 -0.005600804 -4.560785294 -0.099551283 0.005068870 0.995019495 270.812652588
0.994986594 0.005678941 0.099847309 6.430391312 -0.005169542 0.999972284 -0.005359775 -4.578454971 -0.099874981 0.004816739 0.994988322 271.661499023
0.995020092 0.005190293 0.099539153 6.511378765 -0.004732172 0.999977112 -0.004837976 -4.598932743 -0.099561982 0.004342847 0.995021880 272.519287109
0.995028794 0.006278661 0.099389404 6.589608192 -0.005838220 0.999971807 -0.004721697 -4.611076832 -0.099416249 0.004117967 0.995037436 273.394622803
0.995156169 0.005957721 0.098125868 6.670215607 -0.005483019 0.999971926 -0.005106640 -4.632570267 -0.098153539 0.004543878 0.995160937 274.247131348
0.995303929 0.005864462 0.096621528 6.745567322 -0.005317872 0.999968350 -0.005913567 -4.652584076 -0.096653156 0.005371976 0.995303631 275.105834961
0.995462894 0.006812655 0.094906501 6.830899239 -0.006192424 0.999957502 -0.006828167 -4.669596672 -0.094948985 0.006209485 0.995462775 275.984313965
0.995605946 0.007804609 0.093315952 6.904444695 -0.007176336 0.999949276 -0.007066426 -4.690856934 -0.093366370 0.006365709 0.995611489 276.832153320
0.995725513 0.009477394 0.091874346 6.968192101 -0.008836688 0.999933720 -0.007378011 -4.711454868 -0.091938183 0.006534609 0.995743275 277.678100586
0.995944500 0.010076808 0.089403331 7.050089359 -0.009490527 0.999930620 -0.006980384 -4.728254318 -0.089467466 0.006103591 0.995971024 278.553863525
0.996210039 0.009618107 0.086446658 7.121314049 -0.009191080 0.999943495 -0.005336448 -4.748361588 -0.086493105 0.004521685 0.996242166 279.401214600
0.996559143 0.008988410 0.082396060 7.185759068 -0.008743427 0.999956191 -0.003333600 -4.761243820 -0.082422413 0.002601706 0.996594071 280.249694824
0.996961951 0.006789812 0.077593498 7.254243851 -0.006717032 0.999976695 -0.001198920 -4.787983418 -0.077599831 0.000674080 0.996984363 281.110198975
0.997321784 0.006006686 0.072891615 7.304046631 -0.006023041 0.999981880 0.000004575 -4.799902916 -0.072890259 -0.000443592 0.997339845 281.953521729
0.997644484 0.005993259 0.068333864 7.345535755 -0.006030387 0.999981761 0.000337073 -4.804376602 -0.068330601 -0.000748359 0.997662425 282.786590576
0.997944176 0.005621100 0.063841820 7.404631615 -0.005711522 0.999982953 0.001233923 -4.832340240 -0.063833795 -0.001596020 0.997959256 283.574310303
0.998245180 0.004657213 0.059033141 7.447682858 -0.004745452 0.999987841 0.001354636 -4.846682549 -0.059026115 -0.001632398 0.998255134 284.377014160
0.998469830 0.004243528 0.055136409 7.485244751 -0.004317080 0.999989927 0.001214974 -4.866160870 -0.055130698 -0.001451143 0.998478115 285.165039062
0.998689413 0.004568327 0.050975963 7.525973797 -0.004632893 0.999988616 0.001148518 -4.881746769 -0.050970137 -0.001383179 0.998699248 285.932281494
0.998875797 0.004695667 0.047171034 7.555157661 -0.004755498 0.999988019 0.001156238 -4.894847870 -0.047165040 -0.001379260 0.998886168 286.693420410
